   779.975           0.000
   780.202           0.000
   780.430           0.000
   780.657           0.000
   780.885           0.000
   781.113           0.000
   781.340           0.000
   781.568           0.000
   781.795           0.000
   782.023           0.000
   782.250           0.000
   782.478           0.000
   782.705           0.000
   782.933           0.000
   783.161           0.000
   783.388           0.000
   783.616           0.000
   783.843           0.000
   784.071           0.000
   784.298           0.000
   784.526           0.000
   784.753           0.000
   784.981           0.000
   785.209           0.000
   785.436           0.000
   785.664           0.000
   785.891           0.000
   786.119           0.000
   786.346           0.000
   786.574           0.000
   786.802           0.000
   787.029           0.000
   787.257           0.000
   787.484           0.000
   787.712           0.000
   787.939           0.000
   788.167           0.000
   788.394           0.000
   788.622           0.000
   788.850           0.000
   789.077           0.000
   789.305           0.000
   789.532           0.000
   789.760           0.000
   789.987           0.000
   790.215           0.000
   790.443           0.000
   790.670           0.000
   790.898           0.000
   791.125           0.000
   791.353           0.000
   791.580           0.000
   791.808           0.000
   792.035           0.000
   792.263           0.000
   792.491           0.000
   792.718           0.000
   792.946           0.000
   793.173           0.000
   793.401           0.000
   793.628           0.000
   793.856           0.000
   794.083           0.000
   794.311           0.000
   794.539           0.000
   794.766           0.000
   794.994           0.000
   795.221           0.000
   795.449           0.000
   795.676           0.000
   795.904           0.000
   796.131           0.000
   796.359           0.000
   796.587           0.000
   796.814           0.000
   797.042           0.000
   797.269           0.000
   797.497           0.000
   797.724           0.000
   797.952           0.000
   798.180           0.000
   798.407           0.000
   798.635           0.000
   798.862           0.000
   799.090           0.000
   799.317           0.000
   799.545           0.000
   799.772           0.000
   800.000           0.000
   800.228           0.000
   800.455           0.000
   800.683           0.000
   800.910           0.000
   801.138           0.000
   801.365           0.000
   801.593           0.000
   801.820           0.000
   802.048           0.000
   802.276           0.000
   802.503           0.000
   802.731           0.000
   802.958           0.000
   803.186           0.000
   803.413           0.000
   803.641           0.000
   803.869           0.000
   804.096           0.000
   804.324           0.000
   804.551           0.000
   804.779           0.000
   805.006           0.000
   805.234           0.000
   805.461           0.000
   805.689           0.000
   805.917           0.000
   806.144           0.000
   806.372           0.000
   806.599           0.000
   806.827           0.000
   807.054           0.000
   807.282           0.000
   807.510           0.000
   807.737           0.000
   807.965           0.000
   808.192           0.000
   808.420           0.000
   808.647           0.000
   808.875           0.000
   809.102           0.000
   809.330           0.000
   809.558           0.000
   809.785           0.000
   810.013           0.000
   810.240           0.000
   810.468           0.000
   810.695           0.000
   810.923           0.000
   811.150           0.000
   811.378           0.000
   811.606           0.000
   811.833           0.000
   812.061           0.000
   812.288           0.000
   812.516           0.000
   812.743           0.000
   812.971           0.000
   813.198           0.000
   813.426           0.000
   813.654           0.000
   813.881           0.000
   814.109           0.000
   814.336           0.000
   814.564           0.000
   814.791           0.000
   815.019           0.000
   815.247           0.000
   815.474           0.000
   815.702           0.000
   815.929           0.000
   816.157           0.000
   816.384           0.000
   816.612           0.000
   816.839           0.000
   817.067           0.000
   817.295           0.000
   817.522           0.000
   817.750           0.000
   817.977           0.000
   818.205           0.000
   818.432           0.000
   818.660           0.000
   818.888           0.000
   819.115           0.000
   819.343           0.000
   819.570           0.000
   819.798           0.000
   820.025           0.000
   820.253           0.000
   820.480           0.000
   820.708           0.000
   820.936           0.000
   821.163           0.000
   821.391           0.000
   821.618           0.000
   821.846           0.000
   822.073           0.000
   822.301           0.000
   822.528           0.000
   822.756           0.000
   822.984           0.000
   823.211           0.000
   823.439           0.000
   823.666           0.000
   823.894           0.000
   824.121           0.000
   824.349           0.000
   824.576           0.000
   824.804           0.000
   825.032           0.000
   825.259           0.000
   825.487           0.000
   825.714           0.000
   825.942           0.000
   826.169           0.000
   826.397           0.000
   826.625           0.000
   826.852           0.000
   827.080           0.000
   827.307           0.000
   827.535           0.000
   827.762           0.000
   827.990           0.000
   828.217           0.000
   828.445           0.000
   828.673           0.000
   828.900           0.000
   829.128           0.000
   829.355           0.000
   829.583           0.000
   829.810           0.000
   830.038           0.000
   830.266           0.000
   830.493           0.000
   830.721           0.000
   830.948           0.000
   831.176           0.000
   831.403           0.000
   831.631           0.000
   831.858           0.000
   832.086           0.000
   832.314           0.000
   832.541           0.000
   832.769           0.000
   832.996           0.000
   833.224           0.000
   833.451           0.000
   833.679           0.000
   833.906           0.000
   834.134           0.000
   834.362           0.000
   834.589           0.000
   834.817           0.000
   835.044           0.000
   835.272           0.000
   835.499           0.000
   835.727           0.000
   835.955           0.000
   836.182           0.000
   836.410           0.000
   836.637           0.000
   836.865           0.000
   837.092           0.000
   837.320           0.000
   837.547           0.000
   837.775           0.000
   838.003           0.000
   838.230           0.000
   838.458           0.000
   838.685           0.000
   838.913           0.000
   839.140           0.000
   839.368           0.000
   839.595           0.000
   839.823           0.000
   840.051           0.000
   840.278           0.000
   840.506           0.000
   840.733           0.000
   840.961           0.000
   841.188           0.000
   841.416           0.000
   841.643           0.000
   841.871           0.000
   842.099           0.000
   842.326           0.000
   842.554           0.000
   842.781           0.000
   843.009           0.000
   843.236           0.000
   843.464           0.000
   843.692           0.000
   843.919           0.000
   844.147           0.000
   844.374           0.000
   844.602           0.000
   844.829           0.000
   845.057           0.000
   845.284           0.000
   845.512           0.000
   845.740           0.000
   845.967           0.000
   846.195           0.000
   846.422           0.000
   846.650           0.000
   846.877           0.000
   847.105           0.000
   847.333           0.000
   847.560           0.000
   847.788           0.000
   848.015           0.000
   848.243           0.000
   848.470           0.000
   848.698           0.000
   848.925           0.000
   849.153           0.000
   849.381           0.000
   849.608           0.000
   849.836           0.000
   850.063           0.000
   850.291           0.000
   850.518           0.000
   850.746           0.000
   850.973           0.000
   851.201           0.000
   851.429           0.000
   851.656           0.000
   851.884           0.000
   852.111           0.000
   852.339           0.000
   852.566           0.000
   852.794           0.000
   853.021           0.000
   853.249           0.000
   853.477           0.000
   853.704           0.000
   853.932           0.000
   854.159           0.000
   854.387           0.000
   854.614           0.000
   854.842           0.000
   855.070           0.000
   855.297           0.000
   855.525           0.000
   855.752           0.000
   855.980           0.000
   856.207           0.000
   856.435           0.000
   856.662           0.000
   856.890           0.000
   857.118           0.000
   857.345           0.000
   857.573           0.000
   857.800           0.000
   858.028           0.000
   858.255           0.000
   858.483           0.000
   858.711           0.000
   858.938           0.000
   859.166           0.000
   859.393           0.000
   859.621           0.000
   859.848           0.000
   860.076           0.000
   860.303           0.000
   860.531           0.000
   860.759           0.000
   860.986           0.000
   861.214           0.000
   861.441           0.000
   861.669           0.000
   861.896           0.000
   862.124           0.000
   862.351           0.000
   862.579           0.000
   862.807           0.000
   863.034           0.000
   863.262           0.000
   863.489           0.000
   863.717           0.000
   863.944           0.000
   864.172           0.000
   864.400           0.000
   864.627           0.000
   864.855           0.000
   865.082           0.000
   865.310           0.000
   865.537           0.544
   865.765           0.544
   865.992           0.544
   866.220           0.544
   866.448           0.544
   866.675           0.544
   866.903           0.544
   867.130           0.544
   867.358           0.544
   867.585           0.544
   867.813           0.544
   868.040           0.544
   868.268           0.544
   868.496           0.713
   868.723           0.882
   868.951           0.882
   869.178           0.882
   869.406           0.882
   869.633           0.882
   869.861           0.882
   870.089           0.882
   870.316           1.051
   870.544           1.220
   870.771           1.220
   870.999           1.220
   871.226           1.220
   871.454           1.388
   871.681           1.557
   871.909           1.726
   872.137           1.726
   872.364           1.726
   872.592           1.895
   872.819           1.895
   873.047           1.895
   873.274           2.402
   873.502           2.402
   873.729           2.402
   873.957           2.570
   874.185           2.570
   874.412           2.739
   874.640           2.739
   874.867           3.077
   875.095           3.246
   875.322           3.583
   875.550           3.583
   875.778           3.921
   876.005           4.259
   876.233           4.428
   876.460           4.765
   876.688           4.934
   876.915           5.272
   877.143           5.610
   877.370           5.947
   877.598           6.623
   877.826           6.961
   878.053           7.129
   878.281           7.636
   878.508           8.480
   878.736           8.649
   878.963           9.662
   879.191           9.662
   879.418           10.844
   879.646           11.013
   879.874           11.689
   880.101           12.026
   880.329           14.897
   880.556           15.235
   880.784           16.417
   881.011           17.598
   881.239           19.118
   881.466           19.456
   881.694           21.820
   881.922           23.508
   882.149           25.872
   882.377           27.392
   882.604           27.899
   882.832           32.627
   883.059           33.471
   883.287           37.692
   883.515           39.719
   883.742           39.887
   883.970           43.433
   884.197           48.668
   884.425           48.668
   884.652           52.383
   884.880           54.916
   885.107           57.955
   885.335           60.657
   885.563           60.994
   885.790           65.385
   886.018           66.904
   886.245           71.295
   886.473           71.632
   886.700           71.801
   886.928           75.347
   887.156           76.698
   887.383           76.867
   887.611           78.724
   887.838           79.737
   888.066           81.426
   888.293           81.764
   888.521           83.283
   888.748           83.790
   888.976           84.296
   889.204           84.634
   889.431           84.972
   889.659           85.141
   889.886           85.141
   890.114           85.141
   890.341           85.141
   890.569           85.141
   890.796           85.141
   891.024           85.141
   891.252           85.141
   891.479           85.141
   891.707           85.141
   891.934           85.141
   892.162           85.141
   892.389           85.141
   892.617           85.141
   892.844           85.141
   893.072           85.141
   893.300           85.310
   893.527           85.141
   893.755           85.141
   893.982           84.972
   894.210           84.803
   894.437           84.634
   894.665           84.634
   894.893           82.946
   895.120           82.439
   895.348           82.439
   895.575           81.764
   895.803           79.737
   896.030           79.568
   896.258           78.724
   896.485           77.373
   896.713           74.841
   896.941           73.659
   897.168           72.308
   897.396           67.917
   897.623           66.567
   897.851           65.722
   898.078           63.189
   898.306           62.683
   898.534           57.617
   898.761           57.111
   898.989           53.734
   899.216           46.979
   899.444           46.979
   899.671           44.953
   899.899           42.083
   900.126           39.550
   900.354           39.212
   900.582           37.355
   900.809           36.679
   901.037           34.315
   901.264           29.587
   901.492           29.587
   901.719           27.561
   901.947           24.353
   902.174           23.677
   902.402           23.002
   902.630           21.144
   902.857           19.456
   903.085           19.118
   903.312           18.443
   903.540           16.754
   903.767           16.079
   903.995           15.235
   904.223           13.884
   904.450           13.039
   904.678           11.689
   904.905           11.351
   905.133           10.844
   905.360           10.169
   905.588           9.662
   905.815           9.493
   906.043           8.987
   906.271           8.480
   906.498           8.143
   906.726           7.636
   906.953           6.961
   907.181           6.623
   907.408           6.454
   907.636           6.285
   907.863           5.779
   908.091           5.441
   908.319           5.103
   908.546           5.103
   908.774           4.765
   909.001           4.597
   909.229           4.428
   909.456           4.090
   909.684           3.752
   909.911           3.752
   910.139           3.583
   910.367           3.415
   910.594           3.246
   910.822           3.077
   911.049           2.908
   911.277           2.739
   911.504           2.570
   911.732           2.570
   911.960           2.402
   912.187           2.402
   912.415           2.233
   912.642           2.064
   912.870           2.064
   913.097           1.895
   913.325           1.895
   913.552           1.726
   913.780           1.726
   914.008           1.726
   914.235           1.726
   914.463           1.557
   914.690           1.557
   914.918           1.388
   915.145           1.388
   915.373           1.388
   915.601           1.388
   915.828           1.220
   916.056           1.220
   916.283           1.220
   916.511           1.051
   916.738           1.051
   916.966           1.051
   917.193           1.051
   917.421           0.882
   917.649           0.882
   917.876           0.882
   918.104           0.882
   918.331           0.882
   918.559           0.882
   918.786           0.882
   919.014           0.882
   919.241           0.882
   919.469           0.882
   919.697           0.713
   919.924           0.544
   920.152           0.544
   920.379           0.544
   920.607           0.544
   920.834           0.544
   921.062           0.544
   921.289           0.544
   921.517           0.544
   921.745           0.544
   921.972           0.544
   922.200           0.544
   922.427           0.544
   922.655           0.544
   922.882           0.544
   923.110           0.000
   923.338           0.000
   923.565           0.000
   923.793           0.000
   924.020           0.000
   924.248           0.000
   924.475           0.000
   924.703           0.000
   924.930           0.000
   925.158           0.000
   925.386           0.000
   925.613           0.000
   925.841           0.000
   926.068           0.000
   926.296           0.000
   926.523           0.000
   926.751           0.000
   926.979           0.000
   927.206           0.000
   927.434           0.000
   927.661           0.000
   927.889           0.000
   928.116           0.000
   928.344           0.000
   928.571           0.000
   928.799           0.000
   929.027           0.000
   929.254           0.000
   929.482           0.000
   929.709           0.000
   929.937           0.000
   930.164           0.000
   930.392           0.000
   930.620           0.000
   930.847           0.000
   931.075           0.000
   931.302           0.000
   931.530           0.000
   931.757           0.000
   931.985           0.000
   932.212           0.000
   932.440           0.000
   932.668           0.000
   932.895           0.000
   933.123           0.000
   933.350           0.000
   933.578           0.000
   933.805           0.000
   934.033           0.000
   934.260           0.000
   934.488           0.000
   934.716           0.000
   934.943           0.000
   935.171           0.000
   935.398           0.000
   935.626           0.000
   935.853           0.000
   936.081           0.000
   936.308           0.000
   936.536           0.000
   936.764           0.000
   936.991           0.000
   937.219           0.000
   937.446           0.000
   937.674           0.000
   937.901           0.000
   938.129           0.000
   938.357           0.000
   938.584           0.000
   938.812           0.000
   939.039           0.000
   939.267           0.000
   939.494           0.000
   939.722           0.000
   939.949           0.000
   940.177           0.000
   940.405           0.000
   940.632           0.000
   940.860           0.000
   941.087           0.000
   941.315           0.000
   941.542           0.000
   941.770           0.000
   941.997           0.000
   942.225           0.000
   942.453           0.000
   942.680           0.000
   942.908           0.000
   943.135           0.000
   943.363           0.000
   943.590           0.000
   943.818           0.000
   944.046           0.000
   944.273           0.000
   944.501           0.000
   944.728           0.000
   944.956           0.000
   945.183           0.000
   945.411           0.000
   945.638           0.000
   945.866           0.000
   946.094           0.000
   946.321           0.000
   946.549           0.000
   946.776           0.000
   947.004           0.000
   947.231           0.000
   947.459           0.000
   947.686           0.000
   947.914           0.000
   948.142           0.000
   948.369           0.000
   948.597           0.000
   948.824           0.000
   949.052           0.000
   949.279           0.000
   949.507           0.000
   949.734           0.000
   949.962           0.000
   950.190           0.000
   950.417           0.000
   950.645           0.000
   950.872           0.000
   951.100           0.000
   951.327           0.000
   951.555           0.000
   951.783           0.000
   952.010           0.000
   952.238           0.000
   952.465           0.000
   952.693           0.000
   952.920           0.000
   953.148           0.000
   953.375           0.000
   953.603           0.000
   953.831           0.000
   954.058           0.000
   954.286           0.000
   954.513           0.000
   954.741           0.000
   954.968           0.000
   955.196           0.000
   955.424           0.000
   955.651           0.000
   955.879           0.000
   956.106           0.000
   956.334           0.000
   956.561           0.000
   956.789           0.000
   957.016           0.000
   957.244           0.000
   957.472           0.000
   957.699           0.000
   957.927           0.000
   958.154           0.000
   958.382           0.000
   958.609           0.000
   958.837           0.000
   959.065           0.000
   959.292           0.000
   959.520           0.000
   959.747           0.000
   959.975           0.000
   960.202           0.000
   960.430           0.000
   960.657           0.000
   960.885           0.000
   961.113           0.000
   961.340           0.000
   961.568           0.000
   961.795           0.000
   962.023           0.000
   962.250           0.000
   962.478           0.000
   962.705           0.000
   962.933           0.000
   963.161           0.000
   963.388           0.000
   963.616           0.000
   963.843           0.000
   964.071           0.000
   964.298           0.000
   964.526           0.000
   964.753           0.000
   964.981           0.000
   965.209           0.000
   965.436           0.000
   965.664           0.000
   965.891           0.000
   966.119           0.000
   966.346           0.000
   966.574           0.000
   966.802           0.000
   967.029           0.000
   967.257           0.000
   967.484           0.000
   967.712           0.000
   967.939           0.000
   968.167           0.000
   968.394           0.000
   968.622           0.000
   968.850           0.000
   969.077           0.000
   969.305           0.000
   969.532           0.000
   969.760           0.000
   969.987           0.000
   970.215           0.000
   970.443           0.000
   970.670           0.000
   970.898           0.000
   971.125           0.000
   971.353           0.000
   971.580           0.000
   971.808           0.000
   972.035           0.000
   972.263           0.000
   972.491           0.000
   972.718           0.000
   972.946           0.000
   973.173           0.000
   973.401           0.000
   973.628           0.000
   973.856           0.000
   974.083           0.000
   974.311           0.000
   974.539           0.000
   974.766           0.000
   974.994           0.000
   975.221           0.000
   975.449           0.000
   975.676           0.000
   975.904           0.000
   976.131           0.000
   976.359           0.000
   976.587           0.000
   976.814           0.000
   977.042           0.000
   977.269           0.000
   977.497           0.000
   977.724           0.000
   977.952           0.000
   978.180           0.000
   978.407           0.000
   978.635           0.000
   978.862           0.000
   979.090           0.000
   979.317           0.000
   979.545           0.000
