   300.000           0.000
   300.746           0.000
   301.493           0.000
   302.239           0.000
   302.985           0.000
   303.731           0.000
   304.478           0.000
   305.224           0.000
   305.970           0.000
   306.716           0.000
   307.463           0.000
   308.209           0.000
   308.955           0.000
   309.701           0.000
   310.448           0.000
   311.194           0.000
   311.940           0.000
   312.687           0.000
   313.433           0.000
   314.179           0.000
   314.925           0.000
   315.672           0.000
   316.418           0.000
   317.164           0.000
   317.910           0.000
   318.657           0.000
   319.403           0.000
   320.149           0.000
   320.896           0.000
   321.642           0.000
   322.388           0.000
   323.134           0.000
   323.881           0.000
   324.627           0.000
   325.373           0.000
   326.119           0.000
   326.866           0.000
   327.612           0.000
   328.358           0.000
   329.104           0.000
   329.851           0.000
   330.597           0.000
   331.343           0.000
   332.090           0.000
   332.836           0.000
   333.582           0.000
   334.328           0.000
   335.075           0.000
   335.821           0.000
   336.567           0.000
   337.313           0.000
   338.060           0.000
   338.806           0.000
   339.552           0.000
   340.298           0.000
   341.045           0.000
   341.791           0.000
   342.537           0.000
   343.284           0.000
   344.030           0.000
   344.776           0.000
   345.522           0.000
   346.269           0.000
   347.015           0.000
   347.761           0.000
   348.507           0.000
   349.254           0.000
   350.000           0.000
   350.746           0.000
   351.493           0.000
   352.239           0.000
   352.985           0.000
   353.731           0.000
   354.478           0.000
   355.224           0.000
   355.970           0.000
   356.716           0.000
   357.463           0.000
   358.209           0.000
   358.955           0.000
   359.701           0.000
   360.448           0.000
   361.194           0.000
   361.940           0.000
   362.687           0.000
   363.433           0.000
   364.179           0.000
   364.925           0.000
   365.672           0.000
   366.418           0.000
   367.164           0.000
   367.910           0.000
   368.657           0.000
   369.403           0.000
   370.149           0.000
   370.896           0.000
   371.642           0.000
   372.388           0.000
   373.134           0.000
   373.881           0.000
   374.627           0.000
   375.373           0.000
   376.119           0.000
   376.866           0.000
   377.612           0.000
   378.358           0.000
   379.104           0.000
   379.851           0.000
   380.597           0.000
   381.343           0.000
   382.090           0.000
   382.836           0.000
   383.582           0.000
   384.328           0.000
   385.075           0.000
   385.821           0.000
   386.567           0.000
   387.313           0.000
   388.060           0.000
   388.806           0.000
   389.552           0.000
   390.298           0.000
   391.045           0.000
   391.791           0.000
   392.537           0.000
   393.284           0.000
   394.030           0.000
   394.776           0.000
   395.522           0.000
   396.269           0.000
   397.015           0.000
   397.761           0.000
   398.507           0.000
   399.254           0.000
   400.000           0.000
   400.746           0.000
   401.493           0.000
   402.239           0.000
   402.985           0.000
   403.731           0.000
   404.478           0.000
   405.224           0.000
   405.970           0.000
   406.716           0.000
   407.463           0.000
   408.209           0.000
   408.955           0.000
   409.701           0.000
   410.448           0.000
   411.194           0.000
   411.940           0.000
   412.687           0.000
   413.433           0.000
   414.179           0.000
   414.925           0.000
   415.672           0.000
   416.418           0.000
   417.164           0.000
   417.910           0.000
   418.657           0.000
   419.403           0.000
   420.149           0.000
   420.896           0.000
   421.642           0.000
   422.388           0.000
   423.134           0.000
   423.881           0.000
   424.627           0.000
   425.373           0.000
   426.119           0.000
   426.866           0.000
   427.612           0.000
   428.358           0.000
   429.104           0.000
   429.851           0.000
   430.597           0.000
   431.343           0.000
   432.090           0.000
   432.836           0.000
   433.582           0.000
   434.328           0.000
   435.075           0.000
   435.821           0.000
   436.567           0.000
   437.313           0.000
   438.060           0.000
   438.806           0.000
   439.552           0.000
   440.298           0.000
   441.045           0.000
   441.791           0.000
   442.537           0.000
   443.284           0.000
   444.030           0.000
   444.776           0.000
   445.522           0.000
   446.269           0.000
   447.015           0.000
   447.761           0.000
   448.507           0.000
   449.254           0.000
   450.000           0.000
   450.746           0.000
   451.493           0.000
   452.239           0.000
   452.985           0.000
   453.731           0.000
   454.478           0.000
   455.224           0.000
   455.970           0.000
   456.716           0.000
   457.463           0.000
   458.209           0.000
   458.955           0.000
   459.701           0.000
   460.448           0.000
   461.194           0.000
   461.940           0.000
   462.687           0.000
   463.433           0.000
   464.179           0.000
   464.925           0.000
   465.672           0.000
   466.418           0.000
   467.164           0.000
   467.910           0.000
   468.657           0.000
   469.403           0.000
   470.149           0.000
   470.896           0.000
   471.642           0.000
   472.388           0.000
   473.134           0.000
   473.881           0.000
   474.627           0.000
   475.373           0.000
   476.119           0.000
   476.866           0.000
   477.612           0.000
   478.358           0.000
   479.104           0.000
   479.851           0.000
   480.597           0.000
   481.343           0.000
   482.090           0.000
   482.836           0.000
   483.582           0.000
   484.328           0.000
   485.075           0.000
   485.821           0.478
   486.567           0.637
   487.313           0.796
   488.060           0.955
   488.806           1.274
   489.552           1.592
   490.298           1.911
   491.045           3.981
   491.791           6.210
   492.537           10.032
   493.284           10.510
   494.030           16.083
   494.776           22.611
   495.522           25.318
   496.269           34.713
   497.015           53.344
   497.761           68.471
   498.507           80.414
   499.254           80.573
   500.000           89.013
   500.746           92.994
   501.493           93.790
   502.239           96.656
   502.985           98.248
   503.731           98.089
   504.478           98.248
   505.224           98.248
   505.970           98.089
   506.716           97.930
   507.463           97.452
   508.209           97.293
   508.955           97.134
   509.701           97.134
   510.448           97.134
   511.194           97.134
   511.940           97.134
   512.687           97.134
   513.433           97.134
   514.179           96.975
   514.925           96.975
   515.672           96.815
   516.418           96.815
   517.164           96.815
   517.910           96.815
   518.657           96.815
   519.403           96.656
   520.149           96.497
   520.896           96.656
   521.642           96.656
   522.388           96.656
   523.134           96.815
   523.881           96.815
   524.627           96.975
   525.373           97.134
   526.119           97.293
   526.866           97.611
   527.612           97.771
   528.358           97.930
   529.104           98.248
   529.851           98.248
   530.597           98.408
   531.343           98.567
   532.090           98.567
   532.836           98.567
   533.582           98.567
   534.328           98.567
   535.075           98.567
   535.821           98.408
   536.567           98.408
   537.313           98.408
   538.060           98.248
   538.806           98.248
   539.552           98.248
   540.299           98.248
   541.045           98.248
   541.791           98.408
   542.537           98.408
   543.284           98.408
   544.030           98.408
   544.776           98.567
   545.522           98.567
   546.269           98.567
   547.015           98.567
   547.761           98.567
   548.507           98.567
   549.254           98.408
   550.000           98.248
   550.746           98.089
   551.493           97.930
   552.239           97.771
   552.985           97.611
   553.731           97.452
   554.478           97.293
   555.224           96.975
   555.970           96.815
   556.716           96.656
   557.463           96.338
   558.209           96.178
   558.955           96.178
   559.701           96.019
   560.448           96.019
   561.194           96.019
   561.940           96.019
   562.687           96.019
   563.433           96.019
   564.179           96.019
   564.925           96.019
   565.672           96.019
   566.418           96.178
   567.164           96.338
   567.910           96.497
   568.657           96.656
   569.403           96.815
   570.149           96.975
   570.896           97.134
   571.642           97.293
   572.388           97.452
   573.134           97.611
   573.881           97.771
   574.627           97.771
   575.373           97.611
   576.119           96.815
   576.866           95.860
   577.612           92.834
   578.358           84.554
   579.104           73.408
   579.851           73.248
   580.597           61.465
   581.343           50.478
   582.090           42.994
   582.836           38.854
   583.582           32.643
   584.328           23.248
   585.075           14.809
   585.821           14.650
   586.567           10.669
   587.313           7.803
   588.060           6.688
   588.806           5.892
   589.552           5.096
   590.299           3.344
   591.045           2.866
   591.791           2.707
   592.537           1.911
   593.284           1.592
   594.030           1.433
   594.776           1.115
   595.522           0.955
   596.269           0.796
   597.015           0.637
   597.761           0.478
   598.507           0.637
   599.254           0.637
   600.000           0.478
   600.746           0.478
   601.493           0.000
   602.239           0.000
   602.985           0.000
   603.731           0.000
   604.478           0.000
   605.224           0.000
   605.970           0.000
   606.716           0.000
   607.463           0.000
   608.209           0.000
   608.955           0.000
   609.701           0.000
   610.448           0.000
   611.194           0.000
   611.940           0.000
   612.687           0.000
   613.433           0.000
   614.179           0.000
   614.925           0.000
   615.672           0.000
   616.418           0.000
   617.164           0.000
   617.910           0.000
   618.657           0.000
   619.403           0.000
   620.149           0.000
   620.896           0.000
   621.642           0.000
   622.388           0.000
   623.134           0.000
   623.881           0.000
   624.627           0.000
   625.373           0.000
   626.119           0.000
   626.866           0.000
   627.612           0.000
   628.358           0.000
   629.104           0.000
   629.851           0.000
   630.597           0.000
   631.343           0.000
   632.090           0.000
   632.836           0.000
   633.582           0.000
   634.328           0.000
   635.075           0.000
   635.821           0.000
   636.567           0.000
   637.313           0.000
   638.060           0.000
   638.806           0.000
   639.552           0.000
   640.299           0.000
   641.045           0.000
   641.791           0.000
   642.537           0.000
   643.284           0.000
   644.030           0.000
   644.776           0.000
   645.522           0.000
   646.269           0.000
   647.015           0.000
   647.761           0.000
   648.507           0.000
   649.254           0.000
   650.000           0.000
   650.746           0.000
   651.493           0.000
   652.239           0.000
   652.985           0.000
   653.731           0.000
   654.478           0.000
   655.224           0.000
   655.970           0.000
   656.716           0.000
   657.463           0.000
   658.209           0.000
   658.955           0.000
   659.701           0.000
   660.448           0.000
   661.194           0.000
   661.940           0.000
   662.687           0.000
   663.433           0.000
   664.179           0.000
   664.925           0.000
   665.672           0.000
   666.418           0.000
   667.164           0.000
   667.910           0.000
   668.657           0.000
   669.403           0.000
   670.149           0.000
   670.896           0.000
   671.642           0.000
   672.388           0.000
   673.134           0.000
   673.881           0.000
   674.627           0.000
   675.373           0.000
   676.119           0.000
   676.866           0.000
   677.612           0.000
   678.358           0.000
   679.104           0.000
   679.851           0.000
   680.597           0.000
   681.343           0.000
   682.090           0.000
   682.836           0.000
   683.582           0.000
   684.328           0.000
   685.075           0.000
   685.821           0.000
   686.567           0.000
   687.313           0.000
   688.060           0.000
   688.806           0.000
   689.552           0.000
   690.299           0.000
   691.045           0.000
   691.791           0.000
   692.537           0.000
   693.284           0.000
   694.030           0.000
   694.776           0.000
   695.522           0.000
   696.269           0.000
   697.015           0.000
   697.761           0.000
   698.507           0.000
   699.254           0.000
   700.000           0.000
   700.746           0.000
   701.492           0.000
   702.239           0.000
   702.985           0.000
   703.731           0.000
   704.478           0.000
   705.224           0.000
   705.970           0.000
   706.716           0.000
   707.463           0.000
   708.209           0.000
   708.955           0.000
   709.701           0.000
   710.448           0.000
   711.194           0.000
   711.940           0.000
   712.687           0.000
   713.433           0.000
   714.179           0.000
   714.925           0.000
   715.672           0.000
   716.418           0.000
   717.164           0.000
   717.910           0.000
   718.657           0.000
   719.403           0.000
   720.149           0.000
   720.896           0.000
   721.642           0.000
   722.388           0.000
   723.134           0.000
   723.881           0.000
   724.627           0.000
   725.373           0.000
   726.119           0.000
   726.866           0.000
   727.612           0.000
   728.358           0.000
   729.104           0.000
   729.851           0.000
   730.597           0.000
   731.343           0.000
   732.090           0.000
   732.836           0.000
   733.582           0.000
   734.328           0.000
   735.075           0.000
   735.821           0.000
   736.567           0.000
   737.313           0.000
   738.060           0.000
   738.806           0.000
   739.552           0.000
   740.298           0.000
   741.045           0.000
   741.791           0.000
   742.537           0.000
   743.284           0.000
   744.030           0.000
   744.776           0.000
   745.522           0.000
   746.269           0.000
   747.015           0.000
   747.761           0.000
   748.507           0.000
   749.254           0.000
   750.000           0.000
   750.746           0.000
   751.492           0.000
   752.239           0.000
   752.985           0.000
   753.731           0.000
   754.478           0.000
   755.224           0.000
   755.970           0.000
   756.716           0.000
   757.463           0.000
   758.209           0.000
   758.955           0.000
   759.701           0.000
   760.448           0.000
   761.194           0.000
   761.940           0.000
   762.687           0.000
   763.433           0.000
   764.179           0.000
   764.925           0.000
   765.672           0.000
   766.418           0.000
   767.164           0.000
   767.910           0.000
   768.657           0.000
   769.403           0.000
   770.149           0.000
   770.896           0.000
   771.642           0.000
   772.388           0.000
   773.134           0.000
   773.881           0.000
   774.627           0.000
   775.373           0.000
   776.119           0.000
   776.866           0.000
   777.612           0.000
   778.358           0.000
   779.104           0.000
   779.851           0.000
   780.597           0.000
   781.343           0.000
   782.090           0.000
   782.836           0.000
   783.582           0.000
   784.328           0.000
   785.075           0.000
   785.821           0.000
   786.567           0.000
   787.313           0.000
   788.060           0.000
   788.806           0.000
   789.552           0.000
   790.298           0.000
   791.045           0.000
   791.791           0.000
   792.537           0.000
   793.284           0.000
   794.030           0.000
   794.776           0.000
   795.522           0.000
   796.269           0.000
   797.015           0.000
   797.761           0.000
   798.507           0.000
   799.254           0.000
   800.000           0.000
   800.746           0.000
   801.492           0.000
   802.239           0.000
   802.985           0.000
   803.731           0.000
   804.478           0.000
   805.224           0.000
   805.970           0.000
   806.716           0.000
   807.463           0.000
   808.209           0.000
   808.955           0.000
   809.701           0.000
   810.448           0.000
   811.194           0.000
   811.940           0.000
   812.687           0.000
   813.433           0.000
   814.179           0.000
   814.925           0.000
   815.672           0.000
   816.418           0.000
   817.164           0.000
   817.910           0.000
   818.657           0.000
   819.403           0.000
   820.149           0.000
   820.896           0.000
   821.642           0.000
   822.388           0.000
   823.134           0.000
   823.881           0.000
   824.627           0.000
   825.373           0.000
   826.119           0.000
   826.866           0.000
   827.612           0.000
   828.358           0.000
   829.104           0.000
   829.851           0.000
   830.597           0.000
   831.343           0.000
   832.090           0.000
   832.836           0.000
   833.582           0.000
   834.328           0.000
   835.075           0.000
   835.821           0.000
   836.567           0.000
   837.313           0.000
   838.060           0.000
   838.806           0.000
   839.552           0.000
   840.298           0.000
   841.045           0.000
   841.791           0.000
   842.537           0.000
   843.284           0.000
   844.030           0.000
   844.776           0.000
   845.522           0.000
   846.269           0.000
   847.015           0.000
   847.761           0.000
   848.507           0.000
   849.254           0.000
   850.000           0.000
   850.746           0.000
   851.492           0.000
   852.239           0.000
   852.985           0.000
   853.731           0.000
   854.478           0.000
   855.224           0.000
   855.970           0.000
   856.716           0.000
   857.463           0.000
   858.209           0.000
   858.955           0.000
   859.701           0.000
   860.448           0.000
   861.194           0.000
   861.940           0.000
   862.687           0.000
   863.433           0.000
   864.179           0.000
   864.925           0.000
   865.672           0.000
   866.418           0.000
   867.164           0.000
   867.910           0.000
   868.657           0.000
   869.403           0.000
   870.149           0.000
   870.896           0.000
   871.642           0.000
   872.388           0.000
   873.134           0.000
   873.881           0.000
   874.627           0.000
   875.373           0.000
   876.119           0.000
   876.866           0.000
   877.612           0.000
   878.358           0.000
   879.104           0.000
   879.851           0.000
   880.597           0.000
   881.343           0.000
   882.090           0.000
   882.836           0.000
   883.582           0.000
   884.328           0.000
   885.075           0.000
   885.821           0.000
   886.567           0.000
   887.313           0.000
   888.060           0.000
   888.806           0.000
   889.552           0.000
   890.298           0.000
   891.045           0.000
   891.791           0.000
   892.537           0.000
   893.284           0.000
   894.030           0.000
   894.776           0.000
   895.522           0.000
   896.269           0.000
   897.015           0.000
   897.761           0.000
   898.507           0.000
   899.254           0.000
   900.000           0.000
   900.746           0.000
   901.492           0.000
   902.239           0.000
   902.985           0.000
   903.731           0.000
   904.478           0.000
   905.224           0.000
   905.970           0.000
   906.716           0.000
   907.463           0.000
   908.209           0.000
   908.955           0.000
   909.701           0.000
   910.448           0.000
   911.194           0.000
   911.940           0.000
   912.687           0.000
   913.433           0.000
   914.179           0.000
   914.925           0.000
   915.672           0.000
   916.418           0.000
   917.164           0.000
   917.910           0.000
   918.657           0.000
   919.403           0.000
   920.149           0.000
   920.896           0.000
   921.642           0.000
   922.388           0.000
   923.134           0.000
   923.881           0.000
   924.627           0.000
   925.373           0.000
   926.119           0.000
   926.866           0.000
   927.612           0.000
   928.358           0.000
   929.104           0.000
   929.851           0.000
   930.597           0.000
   931.343           0.000
   932.090           0.000
   932.836           0.000
   933.582           0.000
   934.328           0.000
   935.075           0.000
   935.821           0.000
   936.567           0.000
   937.313           0.000
   938.060           0.000
   938.806           0.000
   939.552           0.000
   940.298           0.000
   941.045           0.000
   941.791           0.000
   942.537           0.000
   943.284           0.000
   944.030           0.000
   944.776           0.000
   945.522           0.000
   946.269           0.000
   947.015           0.000
   947.761           0.000
   948.507           0.000
   949.254           0.000
   950.000           0.000
   950.746           0.000
   951.492           0.000
   952.239           0.000
   952.985           0.000
   953.731           0.000
   954.478           0.000
   955.224           0.000
   955.970           0.000
   956.716           0.000
   957.463           0.000
   958.209           0.000
   958.955           0.000
   959.701           0.000
   960.448           0.000
   961.194           0.000
   961.940           0.000
   962.687           0.000
   963.433           0.000
   964.179           0.000
   964.925           0.000
   965.672           0.000
   966.418           0.000
   967.164           0.000
   967.910           0.000
   968.657           0.000
   969.403           0.000
   970.149           0.000
   970.896           0.000
   971.642           0.000
   972.388           0.000
   973.134           0.000
   973.881           0.000
   974.627           0.000
   975.373           0.000
   976.119           0.000
   976.866           0.000
   977.612           0.000
   978.358           0.000
   979.104           0.000
   979.851           0.000
   980.597           0.000
   981.343           0.000
   982.090           0.000
   982.836           0.000
   983.582           0.000
   984.328           0.000
   985.075           0.000
   985.821           0.000
   986.567           0.000
   987.313           0.000
   988.060           0.000
   988.806           0.000
   989.552           0.000
   990.298           0.000
   991.045           0.000
   991.791           0.000
   992.537           0.000
   993.284           0.000
   994.030           0.000
   994.776           0.000
   995.522           0.000
   996.269           0.000
   997.015           0.000
   997.761           0.000
   998.507           0.000
   999.254           0.000
  1000.000           0.000
  1000.746           0.000
  1001.492           0.000
  1002.239           0.000
  1002.985           0.000
  1003.731           0.000
  1004.478           0.000
  1005.224           0.000
  1005.970           0.000
  1006.716           0.000
  1007.463           0.000
  1008.209           0.000
  1008.955           0.000
  1009.701           0.000
  1010.448           0.000
  1011.194           0.000
  1011.940           0.000
  1012.687           0.000
  1013.433           0.000
  1014.179           0.000
  1014.925           0.000
  1015.672           0.000
  1016.418           0.000
  1017.164           0.000
  1017.910           0.000
  1018.657           0.000
  1019.403           0.000
  1020.149           0.000
  1020.896           0.000
  1021.642           0.000
  1022.388           0.000
  1023.134           0.000
  1023.881           0.000
  1024.627           0.000
  1025.373           0.000
  1026.119           0.000
  1026.866           0.000
  1027.612           0.000
  1028.358           0.000
  1029.104           0.000
  1029.851           0.000
  1030.597           0.000
  1031.343           0.000
  1032.089           0.000
  1032.836           0.000
  1033.582           0.000
  1034.328           0.000
  1035.075           0.000
  1035.821           0.000
  1036.567           0.000
  1037.313           0.000
  1038.060           0.000
  1038.806           0.000
  1039.552           0.000
  1040.298           0.000
  1041.045           0.000
  1041.791           0.000
  1042.537           0.000
  1043.284           0.000
  1044.030           0.000
  1044.776           0.000
  1045.522           0.000
  1046.269           0.000
  1047.015           0.000
  1047.761           0.000
  1048.507           0.000
  1049.254           0.000
  1050.000           0.000
  1050.746           0.000
  1051.493           0.000
  1052.239           0.000
  1052.985           0.000
  1053.731           0.000
  1054.478           0.000
  1055.224           0.000
  1055.970           0.000
  1056.716           0.000
  1057.463           0.000
  1058.209           0.000
  1058.955           0.000
  1059.701           0.000
  1060.448           0.000
  1061.194           0.000
  1061.940           0.000
  1062.687           0.000
  1063.433           0.000
  1064.179           0.000
  1064.925           0.000
  1065.672           0.000
  1066.418           0.000
  1067.164           0.000
  1067.910           0.000
  1068.657           0.000
  1069.403           0.000
  1070.149           0.000
  1070.896           0.000
  1071.642           0.000
  1072.388           0.000
  1073.134           0.000
  1073.881           0.000
  1074.627           0.000
  1075.373           0.000
  1076.119           0.000
  1076.866           0.000
  1077.612           0.000
  1078.358           0.000
  1079.104           0.000
  1079.851           0.000
  1080.597           0.000
  1081.343           0.000
  1082.089           0.000
  1082.836           0.000
  1083.582           0.000
  1084.328           0.000
  1085.075           0.000
  1085.821           0.000
  1086.567           0.000
  1087.313           0.000
  1088.060           0.000
  1088.806           0.000
  1089.552           0.000
  1090.298           0.000
  1091.045           0.000
  1091.791           0.000
  1092.537           0.000
  1093.284           0.000
  1094.030           0.000
  1094.776           0.000
  1095.522           0.000
  1096.269           0.000
  1097.015           0.000
  1097.761           0.000
  1098.507           0.000
  1099.254           0.000
  1100.000           0.000
