   300.249      0         
   300.997      0         
   301.746      0         
   302.494      0         
   303.242      0         
   303.990      0         
   304.738      0         
   305.486      0         
   306.234      0         
   306.983      0         
   307.731      0         
   308.479      0         
   309.227      0         
   309.975      0         
   310.723      0         
   311.471      0         
   312.219      0         
   312.968      0         
   313.716      0         
   314.464      0         
   315.212      0         
   315.960      0         
   316.708      0         
   317.456      0         
   318.204      0         
   318.953      0         
   319.701      0         
   320.449      0         
   321.197      0         
   321.945      0         
   322.693      0         
   323.441      0         
   324.190      0         
   324.938      0         
   325.686      0         
   326.434      0         
   327.182      0         
   327.930      0         
   328.678      0         
   329.426      0         
   330.175      0         
   330.923      0         
   331.671      0         
   332.419      0         
   333.167      0         
   333.915      0         
   334.663      0         
   335.411      0         
   336.160      0         
   336.908      0         
   337.656      0         
   338.404      0         
   339.152      0         
   339.900      0         
   340.648      0         
   341.397      0         
   342.145      0         
   342.893      0         
   343.641      0         
   344.389      0         
   345.137      0         
   345.885      0         
   346.633      0         
   347.382      0         
   348.130      0         
   348.878      0         
   349.626      0         
   350.374      0         
   351.122      0         
   351.870      0         
   352.618      0         
   353.367      0         
   354.115      0         
   354.863      0         
   355.611      0         
   356.359      0         
   357.107      0         
   357.855      0         
   358.603      0         
   359.352      0         
   360.100      0         
   360.848      0         
   361.596      0         
   362.344      0         
   363.092      0         
   363.840      0         
   364.589      0         
   365.337      0         
   366.085      0         
   366.833      0         
   367.581      0         
   368.329      0         
   369.077      0         
   369.825      0         
   370.574      0         
   371.322      0         
   372.070      0         
   372.818      0         
   373.566      0         
   374.314      0         
   375.062      0         
   375.810      0         
   376.559      0         
   377.307      0         
   378.055      0         
   378.803      0         
   379.551      0         
   380.299      0         
   381.047      0         
   381.796      0         
   382.544      0         
   383.292      0         
   384.040      0         
   384.788      0         
   385.536      0         
   386.284      0         
   387.032      0         
   387.781      0         
   388.529      0         
   389.277      0         
   390.025      0         
   390.773      0         
   391.521      0         
   392.269      0         
   393.017      0         
   393.766      0         
   394.514      0         
   395.262      0         
   396.010      0         
   396.758      0         
   397.506      0         
   398.254      0         
   399.003      0         
   399.751      0         
   400.499      0         
   401.247      0         
   401.995      0         
   402.743      0         
   403.491      0         
   404.239      0         
   404.988      0         
   405.736      0         
   406.484      0         
   407.232      0         
   407.980      0         
   408.728      0         
   409.476      0         
   410.224      0         
   410.973      0         
   411.721      0         
   412.469      0         
   413.217      0         
   413.965      0         
   414.713      0         
   415.461      0         
   416.209      0         
   416.958      0         
   417.706      0         
   418.454      0         
   419.202      0         
   419.950      0         
   420.698      0         
   421.446      0         
   422.195      0         
   422.943      0         
   423.691      0         
   424.439      0         
   425.187      0         
   425.935      0         
   426.683      0         
   427.431      0         
   428.180      0         
   428.928      0         
   429.676      0         
   430.424      0         
   431.172      0         
   431.920      0         
   432.668      0         
   433.416      0         
   434.165      0         
   434.913      0         
   435.661      0         
   436.409      0         
   437.157      0         
   437.905      0         
   438.653      0         
   439.401      0         
   440.150      0         
   440.898      0         
   441.646      0         
   442.394      0         
   443.142      0         
   443.890      0         
   444.638      0         
   445.387      0         
   446.135      0         
   446.883      0         
   447.631      0         
   448.379      0         
   449.127      0         
   449.875      0         
   450.623      0         
   451.372      0         
   452.120      0         
   452.868      0         
   453.616      0         
   454.364      0         
   455.112      0         
   455.860      0         
   456.608      0         
   457.357      0         
   458.105      0         
   458.853      0         
   459.601      0         
   460.349      0         
   461.097      0         
   461.845      0         
   462.594      0         
   463.342      0         
   464.090      0         
   464.838      0         
   465.586      0         
   466.334      0         
   467.082      0         
   467.830      0         
   468.579      0         
   469.327      0         
   470.075      0         
   470.823      0         
   471.571      0         
   472.319      0         
   473.067      0         
   473.815      0         
   474.564      0         
   475.312      0         
   476.060      0         
   476.808      0         
   477.556      0         
   478.304      0         
   479.052      0         
   479.801      0         
   480.549      0         
   481.297      0         
   482.045      0         
   482.793      0         
   483.541      0         
   484.289      0         
   485.037      0         
   485.786      0         
   486.534      0         
   487.282      0         
   488.030      0         
   488.778      0         
   489.526      0         
   490.274      0         
   491.022      0         
   491.771      0         
   492.519      0         
   493.267      0         
   494.015      0         
   494.763      0         
   495.511      0         
   496.259      0         
   497.007      0         
   497.756      0         
   498.504      0         
   499.252      0         
   500.000      0         
   500.748      0         
   501.496      0         
   502.244      0         
   502.993      0         
   503.741      0         
   504.489      0         
   505.237      0         
   505.985      0         
   506.733      0         
   507.481      0         
   508.229      0         
   508.978      0         
   509.726      0         
   510.474      0         
   511.222      0         
   511.970      0         
   512.718      0         
   513.466      0         
   514.214      0         
   514.963      0         
   515.711      0         
   516.459      0         
   517.207      0         
   517.955      0         
   518.703      0         
   519.451      0         
   520.200      0         
   520.948      0         
   521.696      0         
   522.444      0         
   523.192      0         
   523.940      0         
   524.688      0         
   525.436      0         
   526.185      0         
   526.933      0         
   527.681      0         
   528.429      0         
   529.177      0         
   529.925      0         
   530.673      0         
   531.421      0         
   532.170      0         
   532.918      0         
   533.666      0         
   534.414      0         
   535.162      0         
   535.910      0         
   536.658      0         
   537.406      0         
   538.155      0         
   538.903      0         
   539.651      0         
   540.399      0         
   541.147      0         
   541.895      0         
   542.643      0         
   543.392      0         
   544.140      0         
   544.888      0         
   545.636      0         
   546.384      0         
   547.132      0         
   547.880      0         
   548.628      0         
   549.377      0         
   550.125      0         
   550.873      0         
   551.621      0         
   552.369      0         
   553.117      0         
   553.865      0         
   554.613      0         
   555.362      0         
   556.110      0         
   556.858      0         
   557.606      0         
   558.354      0         
   559.102      0         
   559.850      0         
   560.599      0         
   561.347      0         
   562.095      0         
   562.843      0         
   563.591      0         
   564.339      0         
   565.087      0         
   565.835      4.777E-1
   566.584      3.184E-1
   567.332      4.777E-1
   568.080      6.369E-1
   568.828      7.961E-1
   569.576      9.554E-1
   570.324      1.114E+0
   571.072      1.273E+0
   571.820      1.433E+0
   572.569      1.592E+0
   573.317      1.751E+0
   574.065      2.229E+0
   574.813      2.388E+0
   575.561      2.866E+0
   576.309      3.503E+0
   577.057      4.299E+0
   577.805      5.095E+0
   578.554      5.573E+0
   579.302      6.847E+0
   580.050      9.076E+0
   580.798      9.235E+0
   581.546      1.162E+1
   582.294      1.496E+1
   583.042      1.910E+1
   583.791      2.245E+1
   584.539      2.277E+1
   585.287      3.041E+1
   586.035      3.089E+1
   586.783      3.105E+1
   587.531      4.633E+1
   588.279      5.557E+1
   589.027      6.464E+1
   589.776      6.894E+1
   590.524      7.308E+1
   591.272      7.707E+1
   592.020      7.738E+1
   592.768      8.694E+1
   593.516      9.171E+1
   594.264      9.474E+1
   595.012      9.681E+1
   595.761      9.745E+1
   596.509      9.777E+1
   597.257      9.808E+1
   598.005      9.824E+1
   598.753      9.824E+1
   599.501      9.824E+1
   600.249      9.824E+1
   600.997      9.824E+1
   601.746      9.824E+1
   602.494      9.824E+1
   603.242      9.824E+1
   603.990      9.840E+1
   604.738      9.840E+1
   605.486      9.856E+1
   606.234      9.856E+1
   606.983      9.856E+1
   607.731      9.872E+1
   608.479      9.872E+1
   609.227      9.872E+1
   609.975      9.872E+1
   610.723      9.872E+1
   611.471      9.872E+1
   612.219      9.856E+1
   612.968      9.856E+1
   613.716      9.840E+1
   614.464      9.840E+1
   615.212      9.840E+1
   615.960      9.840E+1
   616.708      9.840E+1
   617.456      9.840E+1
   618.204      9.840E+1
   618.953      9.840E+1
   619.701      9.840E+1
   620.449      9.840E+1
   621.197      9.840E+1
   621.945      9.856E+1
   622.693      9.856E+1
   623.441      9.856E+1
   624.190      9.856E+1
   624.938      9.856E+1
   625.686      9.856E+1
   626.434      9.856E+1
   627.182      9.856E+1
   627.930      9.856E+1
   628.678      9.856E+1
   629.426      9.856E+1
   630.175      9.856E+1
   630.923      9.856E+1
   631.671      9.872E+1
   632.419      9.872E+1
   633.167      9.872E+1
   633.915      9.872E+1
   634.663      9.872E+1
   635.411      9.872E+1
   636.160      9.872E+1
   636.908      9.872E+1
   637.656      9.872E+1
   638.404      9.872E+1
   639.152      9.872E+1
   639.900      9.872E+1
   640.648      9.872E+1
   641.396      9.872E+1
   642.145      9.872E+1
   642.893      9.872E+1
   643.641      9.872E+1
   644.389      9.872E+1
   645.137      9.856E+1
   645.885      9.856E+1
   646.633      9.856E+1
   647.382      9.856E+1
   648.130      9.856E+1
   648.878      9.856E+1
   649.626      9.856E+1
   650.374      9.840E+1
   651.122      9.840E+1
   651.870      9.840E+1
   652.618      9.824E+1
   653.367      9.824E+1
   654.115      9.824E+1
   654.863      9.824E+1
   655.611      9.808E+1
   656.359      9.808E+1
   657.107      9.808E+1
   657.855      9.808E+1
   658.603      9.792E+1
   659.352      9.792E+1
   660.100      9.792E+1
   660.848      9.792E+1
   661.596      9.777E+1
   662.344      9.761E+1
   663.092      9.745E+1
   663.840      9.729E+1
   664.589      9.729E+1
   665.337      9.729E+1
   666.085      9.713E+1
   666.833      9.697E+1
   667.581      9.697E+1
   668.329      9.697E+1
   669.077      9.681E+1
   669.825      9.681E+1
   670.574      9.665E+1
   671.322      9.665E+1
   672.070      9.665E+1
   672.818      9.665E+1
   673.566      9.665E+1
   674.314      9.665E+1
   675.062      9.665E+1
   675.810      9.681E+1
   676.559      9.681E+1
   677.307      9.697E+1
   678.055      9.697E+1
   678.803      9.713E+1
   679.551      9.713E+1
   680.299      9.729E+1
   681.047      9.745E+1
   681.796      9.792E+1
   682.544      9.792E+1
   683.292      9.729E+1
   684.040      9.649E+1
   684.788      9.633E+1
   685.536      9.219E+1
   686.284      8.598E+1
   687.032      7.818E+1
   687.781      6.831E+1
   688.529      6.305E+1
   689.277      5.732E+1
   690.025      5.191E+1
   690.773      5.175E+1
   691.521      3.742E+1
   692.269      2.770E+1
   693.017      2.085E+1
   693.766      1.544E+1
   694.514      1.337E+1
   695.262      1.162E+1
   696.010      1.146E+1
   696.758      9.713E+0
   697.506      6.369E+0
   698.254      4.936E+0
   699.003      3.980E+0
   699.751      3.025E+0
   700.499      2.547E+0
   701.247      2.388E+0
   701.995      2.229E+0
   702.743      1.751E+0
   703.491      1.433E+0
   704.239      1.273E+0
   704.988      1.114E+0
   705.736      9.554E-1
   706.484      7.961E-1
   707.232      6.369E-1
   707.980      4.777E-1
   708.728      4.777E-1
   709.476      0         
   710.224      0         
   710.973      0         
   711.721      0         
   712.469      0         
   713.217      0         
   713.965      0         
   714.713      0         
   715.461      0         
   716.209      0         
   716.958      0         
   717.706      0         
   718.454      0         
   719.202      0         
   719.950      0         
   720.698      0         
   721.446      0         
   722.195      0         
   722.943      0         
   723.691      0         
   724.439      0         
   725.187      0         
   725.935      0         
   726.683      0         
   727.431      0         
   728.180      0         
   728.928      0         
   729.676      0         
   730.424      0         
   731.172      0         
   731.920      0         
   732.668      0         
   733.416      0         
   734.165      0         
   734.913      0         
   735.661      0         
   736.409      0         
   737.157      0         
   737.905      0         
   738.653      0         
   739.401      0         
   740.150      0         
   740.898      0         
   741.646      0         
   742.394      0         
   743.142      0         
   743.890      0         
   744.638      0         
   745.387      0         
   746.135      0         
   746.883      0         
   747.631      0         
   748.379      0         
   749.127      0         
   749.875      0         
   750.623      0         
   751.372      0         
   752.120      0         
   752.868      0         
   753.616      0         
   754.364      0         
   755.112      0         
   755.860      0         
   756.608      0         
   757.357      0         
   758.105      0         
   758.853      0         
   759.601      0         
   760.349      0         
   761.097      0         
   761.845      0         
   762.594      0         
   763.342      0         
   764.090      0         
   764.838      0         
   765.586      0         
   766.334      0         
   767.082      0         
   767.830      0         
   768.579      0         
   769.327      0         
   770.075      0         
   770.823      0         
   771.571      0         
   772.319      0         
   773.067      0         
   773.815      0         
   774.564      0         
   775.312      0         
   776.060      0         
   776.808      0         
   777.556      0         
   778.304      0         
   779.052      0         
   779.800      0         
   780.549      0         
   781.297      0         
   782.045      0         
   782.793      0         
   783.541      0         
   784.289      0         
   785.037      0         
   785.786      0         
   786.534      0         
   787.282      0         
   788.030      0         
   788.778      0         
   789.526      0         
   790.274      0         
   791.022      0         
   791.771      0         
   792.519      0         
   793.267      0         
   794.015      0         
   794.763      0         
   795.511      0         
   796.259      0         
   797.007      0         
   797.756      0         
   798.504      0         
   799.252      0         
   800.000      0         
   800.748      0         
   801.496      0         
   802.244      0         
   802.992      0         
   803.741      0         
   804.489      0         
   805.237      0         
   805.985      0         
   806.733      0         
   807.481      0         
   808.229      0         
   808.978      0         
   809.726      0         
   810.474      0         
   811.222      0         
   811.970      0         
   812.718      0         
   813.466      0         
   814.214      0         
   814.963      0         
   815.711      0         
   816.459      0         
   817.207      0         
   817.955      0         
   818.703      0         
   819.451      0         
   820.199      0         
   820.948      0         
   821.696      0         
   822.444      0         
   823.192      0         
   823.940      0         
   824.688      0         
   825.436      0         
   826.185      0         
   826.933      0         
   827.681      0         
   828.429      0         
   829.177      0         
   829.925      0         
   830.673      0         
   831.421      0         
   832.170      0         
   832.918      0         
   833.666      0         
   834.414      0         
   835.162      0         
   835.910      0         
   836.658      0         
   837.406      0         
   838.155      0         
   838.903      0         
   839.651      0         
   840.399      0         
   841.147      0         
   841.895      0         
   842.643      0         
   843.391      0         
   844.140      0         
   844.888      0         
   845.636      0         
   846.384      0         
   847.132      0         
   847.880      0         
   848.628      0         
   849.377      0         
   850.125      0         
   850.873      0         
   851.621      0         
   852.369      0         
   853.117      0         
   853.865      0         
   854.613      0         
   855.362      0         
   856.110      0         
   856.858      0         
   857.606      0         
   858.354      0         
   859.102      0         
   859.850      0         
   860.599      0         
   861.347      0         
   862.095      0         
   862.843      0         
   863.591      0         
   864.339      0         
   865.087      0         
   865.835      0         
   866.584      0         
   867.332      0         
   868.080      0         
   868.828      0         
   869.576      0         
   870.324      0         
   871.072      0         
   871.820      0         
   872.569      0         
   873.317      0         
   874.065      0         
   874.813      0         
   875.561      0         
   876.309      0         
   877.057      0         
   877.805      0         
   878.554      0         
   879.302      0         
   880.050      0         
   880.798      0         
   881.546      0         
   882.294      0         
   883.042      0         
   883.791      0         
   884.539      0         
   885.287      0         
   886.035      0         
   886.783      0         
   887.531      0         
   888.279      0         
   889.027      0         
   889.776      0         
   890.524      0         
   891.272      0         
   892.020      0         
   892.768      0         
   893.516      0         
   894.264      0         
   895.012      0         
   895.761      0         
   896.509      0         
   897.257      0         
   898.005      0         
   898.753      0         
   899.501      0         
   900.249      0         
   900.997      0         
   901.746      0         
   902.494      0         
   903.242      0         
   903.990      0         
   904.738      0         
   905.486      0         
   906.234      0         
   906.983      0         
   907.731      0         
   908.479      0         
   909.227      0         
   909.975      0         
   910.723      0         
   911.471      0         
   912.219      0         
   912.968      0         
   913.716      0         
   914.464      0         
   915.212      0         
   915.960      0         
   916.708      0         
   917.456      0         
   918.204      0         
   918.953      0         
   919.701      0         
   920.449      0         
   921.197      0         
   921.945      0         
   922.693      0         
   923.441      0         
   924.190      0         
   924.938      0         
   925.686      0         
   926.434      0         
   927.182      0         
   927.930      0         
   928.678      0         
   929.426      0         
   930.175      0         
   930.923      0         
   931.671      0         
   932.419      0         
   933.167      0         
   933.915      0         
   934.663      0         
   935.411      0         
   936.160      0         
   936.908      0         
   937.656      0         
   938.404      0         
   939.152      0         
   939.900      0         
   940.648      0         
   941.396      0         
   942.145      0         
   942.893      0         
   943.641      0         
   944.389      0         
   945.137      0         
   945.885      0         
   946.633      0         
   947.382      0         
   948.130      0         
   948.878      0         
   949.626      0         
   950.374      0         
   951.122      0         
   951.870      0         
   952.618      0         
   953.367      0         
   954.115      0         
   954.863      0         
   955.611      0         
   956.359      0         
   957.107      0         
   957.855      0         
   958.603      0         
   959.352      0         
   960.100      0         
   960.848      0         
   961.596      0         
   962.344      0         
   963.092      0         
   963.840      0         
   964.589      0         
   965.337      0         
   966.085      0         
   966.833      0         
   967.581      0         
   968.329      0         
   969.077      0         
   969.825      0         
   970.574      0         
   971.322      0         
   972.070      0         
   972.818      0         
   973.566      0         
   974.314      0         
   975.062      0         
   975.810      0         
   976.559      0         
   977.307      0         
   978.055      0         
   978.803      0         
   979.551      0         
   980.299      0         
   981.047      0         
   981.795      0         
   982.544      0         
   983.292      0         
   984.040      0         
   984.788      0         
   985.536      0         
   986.284      0         
   987.032      0         
   987.781      0         
   988.529      0         
   989.277      0         
   990.025      0         
   990.773      0         
   991.521      0         
   992.269      0         
   993.017      0         
   993.766      0         
   994.514      0         
   995.262      0         
   996.010      0         
   996.758      0         
   997.506      0         
   998.254      0         
   999.003      0         
   999.751      0         
  1000.499      0         
  1001.247      0         
  1001.995      0         
  1002.743      0         
  1003.491      0         
  1004.239      0         
  1004.987      0         
  1005.736      0         
  1006.484      0         
  1007.232      0         
  1007.980      0         
  1008.728      0         
  1009.476      0         
  1010.224      0         
  1010.973      0         
  1011.721      0         
  1012.469      0         
  1013.217      0         
  1013.965      0         
  1014.713      0         
  1015.461      0         
  1016.209      0         
  1016.958      0         
  1017.706      0         
  1018.454      0         
  1019.202      0         
  1019.950      0         
  1020.698      0         
  1021.446      0         
  1022.195      0         
  1022.943      0         
  1023.691      0         
  1024.439      0         
  1025.187      0         
  1025.935      0         
  1026.683      0         
  1027.431      0         
  1028.180      0         
  1028.928      0         
  1029.676      0         
  1030.424      0         
  1031.172      0         
  1031.920      0         
  1032.668      0         
  1033.417      0         
  1034.165      0         
  1034.913      0         
  1035.661      0         
  1036.409      0         
  1037.157      0         
  1037.905      0         
  1038.653      0         
  1039.401      0         
  1040.150      0         
  1040.898      0         
  1041.646      0         
  1042.394      0         
  1043.142      0         
  1043.890      0         
  1044.638      0         
  1045.386      0         
  1046.135      0         
  1046.883      0         
  1047.631      0         
  1048.379      0         
  1049.127      0         
  1049.875      0         
  1050.623      0         
  1051.372      0         
  1052.120      0         
  1052.868      0         
  1053.616      0         
  1054.364      0         
  1055.112      0         
  1055.860      0         
  1056.609      0         
  1057.357      0         
  1058.105      0         
  1058.853      0         
  1059.601      0         
  1060.349      0         
  1061.097      0         
  1061.845      0         
  1062.594      0         
  1063.342      0         
  1064.090      0         
  1064.838      0         
  1065.586      0         
  1066.334      0         
  1067.082      0         
  1067.830      0         
  1068.578      0         
  1069.327      0         
  1070.075      0         
  1070.823      0         
  1071.571      0         
  1072.319      0         
  1073.067      0         
  1073.815      0         
  1074.564      0         
  1075.312      0         
  1076.060      0         
  1076.808      0         
  1077.556      0         
  1078.304      0         
  1079.052      0         
  1079.801      0         
  1080.549      0         
  1081.297      0         
  1082.045      0         
  1082.793      0         
  1083.541      0         
  1084.289      0         
  1085.037      0         
  1085.786      0         
  1086.534      0         
  1087.282      0         
  1088.030      0         
  1088.778      0         
  1089.526      0         
  1090.274      0         
  1091.022      0         
  1091.771      0         
  1092.519      0         
  1093.267      0         
  1094.015      0         
  1094.763      0         
  1095.511      0         
  1096.259      0         
  1097.007      0         
  1097.756      0         
  1098.504      0         
  1099.252      0         
  1100.000      0     

