    -0.100000      0.00000      0.00000      0.00000      6.00000
   -0.0990000      0.00000      0.00000      0.00000      8.00000
   -0.0980000      0.00000      0.00000      0.00000      7.00000
   -0.0970000      0.00000      0.00000      0.00000      4.00000
   -0.0960000      0.00000      0.00000      0.00000      10.0000
   -0.0950000      0.00000      1.00000      0.00000      8.00000
   -0.0940000      0.00000      0.00000      0.00000      9.00000
   -0.0930000      0.00000      0.00000      0.00000      6.00000
   -0.0920000      0.00000      0.00000      0.00000      4.00000
   -0.0910000      0.00000      0.00000      0.00000      10.0000
   -0.0900000      0.00000      0.00000      0.00000      4.00000
   -0.0890000      0.00000      0.00000      0.00000      5.00000
   -0.0880000      0.00000      0.00000      1.00000      8.00000
   -0.0870000      0.00000      1.00000      0.00000      7.00000
   -0.0860000      0.00000      0.00000      1.00000      6.00000
   -0.0850000      0.00000      0.00000      0.00000      3.00000
   -0.0840000      0.00000      0.00000      0.00000      8.00000
   -0.0830000      0.00000      0.00000      0.00000      4.00000
   -0.0820000      0.00000      1.00000      0.00000      7.00000
   -0.0810000      0.00000      0.00000      0.00000      9.00000
   -0.0800000      0.00000      3.00000      0.00000      6.00000
   -0.0790000      0.00000      0.00000      0.00000      2.00000
   -0.0780000      0.00000      0.00000      1.00000      6.00000
   -0.0770000      0.00000      0.00000      0.00000      7.00000
   -0.0760000      0.00000      1.00000      0.00000      6.00000
   -0.0750000      0.00000      0.00000      0.00000      9.00000
   -0.0740000      0.00000      1.00000      0.00000      6.00000
   -0.0730000      0.00000      0.00000      0.00000      8.00000
   -0.0720000      0.00000      0.00000      0.00000      9.00000
   -0.0710000      0.00000      0.00000      0.00000      7.00000
   -0.0700000      0.00000      0.00000      0.00000      10.0000
   -0.0690000      0.00000      3.00000      0.00000      10.0000
   -0.0680000      0.00000      0.00000      0.00000      10.0000
   -0.0670000      0.00000      0.00000      0.00000      6.00000
   -0.0660000      0.00000      0.00000      0.00000      7.00000
   -0.0650000      0.00000      0.00000      0.00000      8.00000
   -0.0640000      0.00000      0.00000      0.00000      6.00000
   -0.0630000      0.00000      1.00000      1.00000      7.00000
   -0.0620000      0.00000      0.00000      0.00000      10.0000
   -0.0610000      0.00000      1.00000      0.00000      4.00000
   -0.0600000      0.00000      0.00000      0.00000      14.0000
   -0.0590000      0.00000      0.00000      0.00000      6.00000
   -0.0580000      0.00000      0.00000      0.00000      7.00000
   -0.0570000      0.00000      0.00000      0.00000      6.00000
   -0.0560000      0.00000      1.00000      0.00000      13.0000
   -0.0550000      0.00000      1.00000      0.00000      18.0000
   -0.0540000      0.00000      1.00000      0.00000      15.0000
   -0.0530000      0.00000      1.00000      1.00000      8.00000
   -0.0520000      0.00000      1.00000      2.00000      11.0000
   -0.0510000      0.00000      0.00000      0.00000      19.0000
   -0.0500000      0.00000      1.00000      0.00000      17.0000
   -0.0490000      0.00000      2.00000      0.00000      20.0000
   -0.0480000      0.00000      1.00000      0.00000      34.0000
   -0.0470000      0.00000      1.00000      0.00000      32.0000
   -0.0460000      0.00000      0.00000      0.00000      39.0000
   -0.0450000      0.00000      1.00000      0.00000      38.0000
   -0.0440000      0.00000      0.00000      0.00000      44.0000
   -0.0430000      0.00000      0.00000      0.00000      40.0000
   -0.0420000      0.00000      0.00000      0.00000      50.0000
   -0.0410000      0.00000      1.00000      0.00000      61.0000
   -0.0400000      0.00000      0.00000      0.00000      67.0000
   -0.0390000      0.00000      0.00000      0.00000      72.0000
   -0.0380000      0.00000      0.00000      0.00000      65.0000
   -0.0370000      0.00000      1.00000      0.00000      96.0000
   -0.0360000      0.00000      0.00000      0.00000      96.0000
   -0.0350000      0.00000      0.00000      0.00000      86.0000
   -0.0340000      0.00000      0.00000      0.00000      107.000
   -0.0330000      0.00000      1.00000      0.00000      101.000
   -0.0320000      0.00000      1.00000      1.00000      109.000
   -0.0310000      0.00000      0.00000      1.00000      92.0000
   -0.0300000      0.00000      0.00000      1.00000      124.000
   -0.0290000      0.00000      1.00000      0.00000      92.0000
   -0.0280000      0.00000      0.00000      0.00000      118.000
   -0.0270000      0.00000      1.00000      0.00000      111.000
   -0.0260000      0.00000      0.00000      0.00000      127.000
   -0.0250000      0.00000      1.00000      0.00000      122.000
   -0.0240000      0.00000      0.00000      0.00000      129.000
   -0.0230000      0.00000      1.00000      0.00000      137.000
   -0.0220000      0.00000      6.00000      3.00000      116.000
   -0.0210000      0.00000      2.00000      1.00000      124.000
   -0.0200000      0.00000      3.00000      0.00000      115.000
   -0.0190000      0.00000      1.00000      1.00000      121.000
   -0.0180000      0.00000      5.00000      1.00000      116.000
   -0.0170000      0.00000      7.00000      1.00000      123.000
   -0.0160000      0.00000      7.00000      0.00000      136.000
   -0.0150000      0.00000      6.00000      2.00000      136.000
   -0.0140000      0.00000      7.00000      0.00000      146.000
   -0.0130000      0.00000      12.0000      2.00000      149.000
   -0.0120000      0.00000      14.0000      3.00000      135.000
   -0.0110000      0.00000      16.0000      0.00000      142.000
   -0.0100000      0.00000      10.0000      2.00000      155.000
  -0.00900000      0.00000      10.0000      1.00000      164.000
  -0.00800000      0.00000      9.00000      5.00000      127.000
  -0.00700000      0.00000      17.0000      3.00000      139.000
  -0.00600000      0.00000      16.0000      2.00000      155.000
  -0.00500000      0.00000      24.0000      0.00000      170.000
  -0.00400000      0.00000      22.0000      3.00000      153.000
  -0.00300000      2.00000      23.0000      2.00000      160.000
  -0.00200000      0.00000      21.0000      6.00000      175.000
  -0.00100000      0.00000      18.0000      7.00000      164.000
      0.00000      71707.0      38.0000      71713.0      152.000
   0.00100000      0.00000      29.0000      4.00000      174.000
   0.00200000      1.00000      34.0000      12.0000      175.000
   0.00300000      0.00000      48.0000      7.00000      173.000
   0.00400000      0.00000      44.0000      13.0000      188.000
   0.00500000      0.00000      64.0000      28.0000      202.000
   0.00600000      0.00000      54.0000      25.0000      179.000
   0.00700000      0.00000      61.0000      24.0000      199.000
   0.00800000      1.00000      55.0000      37.0000      202.000
   0.00900000      1.00000      70.0000      53.0000      216.000
    0.0100000      0.00000      63.0000      51.0000      220.000
    0.0110000      0.00000      72.0000      69.0000      227.000
    0.0120000      1.00000      96.0000      86.0000      229.000
    0.0130000      2.00000      89.0000      112.000      277.000
    0.0140000      1.00000      126.000      125.000      317.000
    0.0150000      1.00000      92.0000      168.000      380.000
    0.0160000      0.00000      129.000      200.000      419.000
    0.0170000      3.00000      129.000      183.000      465.000
    0.0180000      0.00000      124.000      231.000      495.000
    0.0190000      3.00000      135.000      261.000      600.000
    0.0200000      0.00000      149.000      292.000      712.000
    0.0210000      1.00000      137.000      369.000      772.000
    0.0220000      2.00000      131.000      383.000      883.000
    0.0230000      3.00000      160.000      419.000      956.000
    0.0240000      1.00000      176.000      470.000      1060.00
    0.0250000      0.00000      163.000      506.000      1184.00
    0.0260000      2.00000      166.000      552.000      1203.00
    0.0270000      1.00000      167.000      566.000      1224.00
    0.0280000      0.00000      215.000      654.000      1183.00
    0.0290000      2.00000      204.000      687.000      1290.00
    0.0300000      2.00000      215.000      653.000      1232.00
    0.0310000      3.00000      245.000      672.000      1160.00
    0.0320000      3.00000      277.000      737.000      1072.00
    0.0330000      1.00000      276.000      798.000      956.000
    0.0340000      0.00000      255.000      856.000      967.000
    0.0350000      3.00000      306.000      907.000      893.000
    0.0360000      3.00000      282.000      1042.00      733.000
    0.0370000      3.00000      295.000      963.000      651.000
    0.0380000      4.00000      336.000      982.000      601.000
    0.0390000      2.00000      340.000      974.000      540.000
    0.0400000      2.00000      338.000      995.000      585.000
    0.0410000      6.00000      391.000      901.000      523.000
    0.0420000      4.00000      351.000      1001.00      458.000
    0.0430000      9.00000      368.000      1024.00      435.000
    0.0440000      10.0000      395.000      1034.00      429.000
    0.0450000      8.00000      414.000      960.000      328.000
    0.0460000      8.00000      410.000      935.000      261.000
    0.0470000      6.00000      364.000      868.000      231.000
    0.0480000      9.00000      387.000      746.000      193.000
    0.0490000      8.00000      420.000      689.000      152.000
    0.0500000      12.0000      422.000      645.000      166.000
    0.0510000      12.0000      404.000      658.000      115.000
    0.0520000      6.00000      443.000      550.000      127.000
    0.0530000      16.0000      442.000      562.000      108.000
    0.0540000      18.0000      445.000      586.000      106.000
    0.0550000      11.0000      476.000      487.000      108.000
    0.0560000      12.0000      469.000      384.000      110.000
    0.0570000      20.0000      484.000      359.000      111.000
    0.0580000      15.0000      504.000      283.000      103.000
    0.0590000      23.0000      474.000      277.000      106.000
    0.0600000      25.0000      486.000      218.000      107.000
    0.0610000      30.0000      493.000      177.000      113.000
    0.0620000      17.0000      503.000      151.000      122.000
    0.0630000      23.0000      501.000      137.000      100.000
    0.0640000      27.0000      526.000      133.000      125.000
    0.0650000      18.0000      467.000      100.000      110.000
    0.0660000      22.0000      557.000      106.000      121.000
    0.0670000      13.0000      551.000      75.0000      113.000
    0.0680000      21.0000      629.000      77.0000      113.000
    0.0690000      24.0000      696.000      45.0000      129.000
    0.0700000      23.0000      851.000      34.0000      126.000
    0.0710000      24.0000      960.000      26.0000      105.000
    0.0720000      26.0000      1050.00      19.0000      142.000
    0.0730000      22.0000      976.000      35.0000      115.000
    0.0740000      29.0000      873.000      28.0000      111.000
    0.0750000      22.0000      750.000      18.0000      144.000
    0.0760000      28.0000      726.000      13.0000      146.000
    0.0770000      23.0000      872.000      18.0000      130.000
    0.0780000      28.0000      855.000      13.0000      147.000
    0.0790000      29.0000      923.000      14.0000      149.000
    0.0800000      23.0000      1016.00      8.00000      132.000
    0.0810000      36.0000      1102.00      11.0000      136.000
    0.0820000      34.0000      987.000      7.00000      142.000
    0.0830000      30.0000      944.000      5.00000      145.000
    0.0840000      28.0000      862.000      3.00000      141.000
    0.0850000      39.0000      927.000      4.00000      149.000
    0.0860000      45.0000      830.000      7.00000      153.000
    0.0870000      33.0000      780.000      3.00000      161.000
    0.0880000      42.0000      790.000      4.00000      151.000
    0.0890000      38.0000      756.000      1.00000      168.000
    0.0900000      49.0000      785.000      2.00000      158.000
    0.0910000      47.0000      816.000      3.00000      170.000
    0.0920000      52.0000      783.000      5.00000      175.000
    0.0930000      43.0000      826.000      2.00000      201.000
    0.0940000      77.0000      745.000      1.00000      153.000
    0.0950000      75.0000      679.000      3.00000      170.000
    0.0960000      75.0000      581.000      1.00000      170.000
    0.0970000      101.000      507.000      2.00000      154.000
    0.0980000      98.0000      442.000      2.00000      169.000
    0.0990000      98.0000      360.000      2.00000      194.000
     0.100000      106.000      325.000      0.00000      164.000
     0.101000      101.000      354.000      0.00000      141.000
     0.102000      145.000      305.000      1.00000      146.000
     0.103000      175.000      258.000      1.00000      162.000
     0.104000      189.000      219.000      0.00000      176.000
     0.105000      230.000      186.000      1.00000      152.000
     0.106000      229.000      194.000      0.00000      179.000
     0.107000      310.000      214.000      0.00000      177.000
     0.108000      338.000      188.000      0.00000      166.000
     0.109000      410.000      191.000      0.00000      156.000
     0.110000      482.000      158.000      0.00000      179.000
     0.111000      519.000      131.000      0.00000      175.000
     0.112000      554.000      96.0000      0.00000      161.000
     0.113000      665.000      65.0000      0.00000      190.000
     0.114000      771.000      67.0000      0.00000      165.000
     0.115000      876.000      48.0000      0.00000      171.000
     0.116000      932.000      37.0000      0.00000      164.000
     0.117000      974.000      33.0000      0.00000      167.000
     0.118000      1017.00      32.0000      0.00000      174.000
     0.119000      969.000      30.0000      0.00000      147.000
     0.120000      911.000      32.0000      0.00000      188.000
     0.121000      957.000      21.0000      0.00000      158.000
     0.122000      980.000      21.0000      0.00000      153.000
     0.123000      1018.00      25.0000      0.00000      168.000
     0.124000      1029.00      24.0000      0.00000      165.000
     0.125000      952.000      26.0000      0.00000      155.000
     0.126000      859.000      22.0000      0.00000      170.000
     0.127000      860.000      15.0000      0.00000      150.000
     0.128000      904.000      23.0000      0.00000      158.000
     0.129000      747.000      14.0000      0.00000      170.000
     0.130000      740.000      12.0000      0.00000      161.000
     0.131000      744.000      14.0000      0.00000      166.000
     0.132000      616.000      21.0000      0.00000      158.000
     0.133000      635.000      15.0000      0.00000      144.000
     0.134000      625.000      25.0000      0.00000      152.000
     0.135000      549.000      12.0000      1.00000      126.000
     0.136000      525.000      11.0000      0.00000      147.000
     0.137000      484.000      13.0000      0.00000      136.000
     0.138000      467.000      6.00000      0.00000      128.000
     0.139000      440.000      12.0000      0.00000      139.000
     0.140000      413.000      14.0000      0.00000      127.000
     0.141000      399.000      15.0000      0.00000      142.000
     0.142000      354.000      6.00000      0.00000      128.000
     0.143000      320.000      9.00000      0.00000      124.000
     0.144000      276.000      11.0000      0.00000      109.000
     0.145000      290.000      15.0000      0.00000      115.000
     0.146000      253.000      6.00000      0.00000      135.000
     0.147000      217.000      14.0000      0.00000      98.0000
     0.148000      227.000      8.00000      0.00000      112.000
     0.149000      170.000      15.0000      0.00000      100.000
     0.150000      183.000      14.0000      0.00000      98.0000
     0.151000      176.000      7.00000      0.00000      108.000
     0.152000      159.000      9.00000      0.00000      86.0000
     0.153000      108.000      9.00000      0.00000      93.0000
     0.154000      71.0000      8.00000      0.00000      80.0000
     0.155000      76.0000      13.0000      0.00000      81.0000
     0.156000      56.0000      2.00000      0.00000      67.0000
     0.157000      23.0000      11.0000      0.00000      69.0000
     0.158000      21.0000      10.0000      0.00000      78.0000
     0.159000      12.0000      10.0000      0.00000      71.0000
     0.160000      10.0000      6.00000      0.00000      56.0000
     0.161000      6.00000      13.0000      0.00000      63.0000
     0.162000      3.00000      7.00000      0.00000      61.0000
     0.163000      1.00000      3.00000      0.00000      54.0000
     0.164000      6.00000      10.0000      0.00000      64.0000
     0.165000      0.00000      8.00000      0.00000      54.0000
     0.166000      2.00000      7.00000      0.00000      52.0000
     0.167000      2.00000      6.00000      0.00000      40.0000
     0.168000      0.00000      5.00000      0.00000      42.0000
     0.169000      2.00000      7.00000      0.00000      44.0000
     0.170000      1.00000      10.0000      0.00000      44.0000
     0.171000      0.00000      9.00000      0.00000      32.0000
     0.172000      0.00000      5.00000      0.00000      31.0000
     0.173000      0.00000      7.00000      0.00000      28.0000
     0.174000      1.00000      5.00000      0.00000      35.0000
     0.175000      0.00000      5.00000      0.00000      24.0000
     0.176000      0.00000      8.00000      0.00000      27.0000
     0.177000      0.00000      8.00000      0.00000      25.0000
     0.178000      3.00000      8.00000      0.00000      25.0000
     0.179000      0.00000      7.00000      0.00000      32.0000
     0.180000      1.00000      10.0000      0.00000      29.0000
     0.181000      0.00000      5.00000      0.00000      26.0000
     0.182000      0.00000      8.00000      0.00000      20.0000
     0.183000      0.00000      2.00000      0.00000      21.0000
     0.184000      1.00000      2.00000      0.00000      19.0000
     0.185000      1.00000      12.0000      0.00000      15.0000
     0.186000      1.00000      10.0000      0.00000      18.0000
     0.187000      0.00000      6.00000      0.00000      12.0000
     0.188000      1.00000      6.00000      0.00000      17.0000
     0.189000      0.00000      9.00000      0.00000      14.0000
     0.190000      0.00000      4.00000      0.00000      12.0000
     0.191000      0.00000      4.00000      0.00000      13.0000
     0.192000      0.00000      5.00000      0.00000      15.0000
     0.193000      0.00000      5.00000      0.00000      16.0000
     0.194000      1.00000      7.00000      0.00000      13.0000
     0.195000      0.00000      7.00000      0.00000      10.0000
     0.196000      0.00000      8.00000      0.00000      11.0000
     0.197000      3.00000      5.00000      0.00000      8.00000
     0.198000      0.00000      8.00000      0.00000      12.0000
     0.199000      0.00000      5.00000      0.00000      10.0000
     0.200000      0.00000      11.0000      0.00000      8.00000
     0.201000      0.00000      5.00000      0.00000      7.00000
     0.202000      0.00000      7.00000      0.00000      10.0000
     0.203000      0.00000      5.00000      0.00000      10.0000
     0.204000      0.00000      3.00000      0.00000      7.00000
     0.205000      1.00000      5.00000      0.00000      6.00000
     0.206000      1.00000      3.00000      0.00000      6.00000
     0.207000      0.00000      5.00000      0.00000      6.00000
     0.208000      0.00000      4.00000      0.00000      5.00000
     0.209000      0.00000      2.00000      0.00000      5.00000
     0.210000      0.00000      2.00000      0.00000      9.00000
     0.211000      0.00000      2.00000      0.00000      8.00000
     0.212000      0.00000      3.00000      0.00000      12.0000
     0.213000      0.00000      2.00000      0.00000      10.0000
     0.214000      0.00000      2.00000      0.00000      4.00000
     0.215000      0.00000      1.00000      0.00000      6.00000
     0.216000      0.00000      2.00000      0.00000      11.0000
     0.217000      1.00000      1.00000      0.00000      5.00000
     0.218000      0.00000      0.00000      0.00000      7.00000
     0.219000      0.00000      0.00000      0.00000      8.00000
     0.220000      0.00000      1.00000      0.00000      6.00000
     0.221000      0.00000      1.00000      0.00000      9.00000
     0.222000      0.00000      0.00000      0.00000      5.00000
     0.223000      0.00000      0.00000      0.00000      8.00000
     0.224000      0.00000      0.00000      0.00000      4.00000
     0.225000      0.00000      0.00000      0.00000      6.00000
     0.226000      0.00000      1.00000      0.00000      11.0000
     0.227000      0.00000      1.00000      0.00000      1.00000
     0.228000      0.00000      0.00000      0.00000      9.00000
     0.229000      0.00000      0.00000      0.00000      3.00000
     0.230000      0.00000      0.00000      0.00000      4.00000
     0.231000      0.00000      0.00000      0.00000      6.00000
     0.232000      0.00000      0.00000      0.00000      4.00000
     0.233000      0.00000      0.00000      0.00000      4.00000
     0.234000      0.00000      0.00000      0.00000      6.00000
     0.235000      0.00000      1.00000      0.00000      3.00000
     0.236000      0.00000      1.00000      0.00000      4.00000
     0.237000      0.00000      1.00000      0.00000      4.00000
     0.238000      0.00000      0.00000      0.00000      7.00000
     0.239000      0.00000      0.00000      0.00000      1.00000
     0.240000      0.00000      0.00000      0.00000      4.00000
     0.241000      0.00000      0.00000      0.00000      7.00000
     0.242000      0.00000      0.00000      0.00000      8.00000
     0.243000      0.00000      0.00000      0.00000      6.00000
     0.244000      0.00000      2.00000      0.00000      3.00000
     0.245000      0.00000      0.00000      0.00000      7.00000
     0.246000      0.00000      0.00000      0.00000      8.00000
     0.247000      0.00000      0.00000      0.00000      4.00000
     0.248000      0.00000      1.00000      0.00000      2.00000
     0.249000      0.00000      0.00000      0.00000      4.00000
     0.250000      0.00000      0.00000      0.00000      4.00000
     0.251000      0.00000      0.00000      0.00000      1.00000
     0.252000      0.00000      0.00000      0.00000      0.00000
     0.253000      0.00000      0.00000      0.00000      4.00000
     0.254000      0.00000      0.00000      0.00000      2.00000
     0.255000      0.00000      0.00000      0.00000      3.00000
     0.256000      0.00000      1.00000      0.00000      2.00000
     0.257000      0.00000      1.00000      0.00000      3.00000
     0.258000      0.00000      0.00000      0.00000      1.00000
     0.259000      0.00000      0.00000      0.00000      3.00000
     0.260000      0.00000      0.00000      0.00000      4.00000
     0.261000      0.00000      1.00000      0.00000      3.00000
     0.262000      0.00000      0.00000      0.00000      4.00000
     0.263000      0.00000      0.00000      0.00000      0.00000
     0.264000      0.00000      0.00000      0.00000      3.00000
     0.265000      0.00000      0.00000      0.00000      2.00000
     0.266000      0.00000      0.00000      0.00000      1.00000
     0.267000      0.00000      0.00000      0.00000      5.00000
     0.268000      0.00000      1.00000      0.00000      1.00000
     0.269000      0.00000      1.00000      0.00000      4.00000
     0.270000      0.00000      0.00000      0.00000      6.00000
     0.271000      0.00000      0.00000      0.00000      4.00000
     0.272000      0.00000      0.00000      0.00000      8.00000
     0.273000      0.00000      0.00000      0.00000      1.00000
     0.274000      0.00000      2.00000      0.00000      2.00000
     0.275000      0.00000      1.00000      0.00000      6.00000
     0.276000      0.00000      0.00000      0.00000      3.00000
     0.277000      0.00000      2.00000      0.00000      2.00000
     0.278000      0.00000      0.00000      0.00000      4.00000
     0.279000      0.00000      0.00000      0.00000      2.00000
     0.280000      0.00000      1.00000      0.00000      3.00000
     0.281000      0.00000      0.00000      0.00000      2.00000
     0.282000      0.00000      2.00000      0.00000      3.00000
     0.283000      0.00000      0.00000      0.00000      1.00000
     0.284000      0.00000      0.00000      0.00000      0.00000
     0.285000      0.00000      1.00000      0.00000      5.00000
     0.286000      0.00000      1.00000      0.00000      2.00000
     0.287000      0.00000      0.00000      0.00000      1.00000
     0.288000      0.00000      2.00000      0.00000      4.00000
     0.289000      0.00000      1.00000      0.00000      5.00000
     0.290000      0.00000      0.00000      0.00000      3.00000
     0.291000      0.00000      0.00000      0.00000      2.00000
     0.292000      0.00000      0.00000      0.00000      3.00000
     0.293000      0.00000      0.00000      0.00000      6.00000
     0.294000      0.00000      0.00000      0.00000      2.00000
     0.295000      0.00000      0.00000      0.00000      6.00000
     0.296000      0.00000      0.00000      0.00000      7.00000
     0.297000      0.00000      1.00000      0.00000      3.00000
     0.298000      0.00000      0.00000      0.00000      4.00000
     0.299000      0.00000      0.00000      0.00000      5.00000
     0.300000      0.00000      1.00000      0.00000      2.00000
     0.301000      0.00000      0.00000      0.00000      3.00000
     0.302000      0.00000      0.00000      0.00000      2.00000
     0.303000      0.00000      1.00000      0.00000      3.00000
     0.304000      0.00000      0.00000      0.00000      1.00000
     0.305000      0.00000      0.00000      0.00000      6.00000
     0.306000      0.00000      0.00000      0.00000      4.00000
     0.307000      0.00000      0.00000      0.00000      5.00000
     0.308000      0.00000      0.00000      0.00000      2.00000
     0.309000      0.00000      0.00000      0.00000      3.00000
     0.310000      0.00000      0.00000      0.00000      0.00000
     0.311000      0.00000      0.00000      0.00000      2.00000
     0.312000      0.00000      0.00000      0.00000      1.00000
     0.313000      0.00000      0.00000      0.00000      1.00000
     0.314000      0.00000      1.00000      0.00000      1.00000
     0.315000      0.00000      0.00000      0.00000      5.00000
     0.316000      0.00000      0.00000      0.00000      1.00000
     0.317000      0.00000      0.00000      0.00000      2.00000
     0.318000      0.00000      0.00000      0.00000      1.00000
     0.319000      0.00000      0.00000      0.00000      4.00000
     0.320000      0.00000      0.00000      0.00000      5.00000
     0.321000      0.00000      0.00000      0.00000      3.00000
     0.322000      0.00000      0.00000      0.00000      1.00000
     0.323000      0.00000      0.00000      0.00000      5.00000
     0.324000      0.00000      0.00000      0.00000      4.00000
     0.325000      0.00000      1.00000      0.00000      2.00000
     0.326000      0.00000      1.00000      0.00000      1.00000
     0.327000      0.00000      0.00000      0.00000      1.00000
     0.328000      0.00000      1.00000      0.00000      3.00000
     0.329000      0.00000      0.00000      0.00000      1.00000
     0.330000      0.00000      0.00000      0.00000      1.00000
     0.331000      0.00000      0.00000      0.00000      1.00000
     0.332000      0.00000      1.00000      0.00000      2.00000
     0.333000      0.00000      0.00000      0.00000      1.00000
     0.334000      0.00000      0.00000      0.00000      1.00000
     0.335000      0.00000      0.00000      0.00000      2.00000
     0.336000      0.00000      0.00000      0.00000      0.00000
     0.337000      0.00000      0.00000      0.00000      2.00000
     0.338000      0.00000      0.00000      0.00000      0.00000
     0.339000      0.00000      0.00000      0.00000      1.00000
     0.340000      0.00000      0.00000      0.00000      3.00000
     0.341000      0.00000      1.00000      0.00000      0.00000
     0.342000      0.00000      0.00000      0.00000      0.00000
     0.343000      0.00000      0.00000      0.00000      0.00000
     0.344000      0.00000      1.00000      0.00000      0.00000
     0.345000      0.00000      0.00000      0.00000      0.00000
     0.346000      0.00000      0.00000      0.00000      0.00000
     0.347000      0.00000      2.00000      0.00000      0.00000
     0.348000      0.00000      1.00000      0.00000      0.00000
     0.349000      0.00000      1.00000      0.00000      2.00000
     0.350000      0.00000      0.00000      0.00000      0.00000
     0.351000      0.00000      0.00000      0.00000      0.00000
     0.352000      0.00000      0.00000      0.00000      0.00000
     0.353000      0.00000      0.00000      0.00000      0.00000
     0.354000      0.00000      0.00000      0.00000      0.00000
     0.355000      0.00000      0.00000      0.00000      0.00000
     0.356000      0.00000      0.00000      0.00000      2.00000
     0.357000      0.00000      0.00000      0.00000      2.00000
     0.358000      0.00000      0.00000      0.00000      0.00000
     0.359000      0.00000      0.00000      0.00000      0.00000
     0.360000      0.00000      0.00000      0.00000      0.00000
     0.361000      0.00000      0.00000      0.00000      2.00000
     0.362000      0.00000      0.00000      0.00000      0.00000
     0.363000      0.00000      1.00000      0.00000      1.00000
     0.364000      0.00000      0.00000      0.00000      0.00000
     0.365000      0.00000      0.00000      0.00000      0.00000
     0.366000      0.00000      0.00000      0.00000      0.00000
     0.367000      0.00000      1.00000      0.00000      0.00000
     0.368000      0.00000      0.00000      0.00000      0.00000
     0.369000      0.00000      0.00000      0.00000      0.00000
     0.370000      0.00000      0.00000      0.00000      0.00000
     0.371000      0.00000      0.00000      0.00000      0.00000
     0.372000      0.00000      0.00000      0.00000      0.00000
     0.373000      0.00000      0.00000      0.00000      2.00000
     0.374000      0.00000      0.00000      0.00000      0.00000
     0.375000      0.00000      1.00000      0.00000      0.00000
     0.376000      0.00000      0.00000      0.00000      0.00000
     0.377000      0.00000      0.00000      0.00000      0.00000
     0.378000      0.00000      2.00000      0.00000      0.00000
     0.379000      0.00000      0.00000      0.00000      1.00000
     0.380000      0.00000      0.00000      0.00000      0.00000
     0.381000      0.00000      0.00000      0.00000      2.00000
     0.382000      0.00000      0.00000      0.00000      1.00000
     0.383000      0.00000      0.00000      0.00000      1.00000
     0.384000      0.00000      0.00000      0.00000      0.00000
     0.385000      0.00000      0.00000      0.00000      1.00000
     0.386000      0.00000      0.00000      0.00000      0.00000
     0.387000      0.00000      0.00000      0.00000      0.00000
     0.388000      0.00000      1.00000      0.00000      0.00000
     0.389000      0.00000      1.00000      0.00000      0.00000
     0.390000      0.00000      1.00000      0.00000      1.00000
     0.391000      0.00000      2.00000      0.00000      0.00000
     0.392000      0.00000      0.00000      0.00000      0.00000
     0.393000      0.00000      0.00000      0.00000      0.00000
     0.394000      0.00000      0.00000      0.00000      0.00000
     0.395000      0.00000      0.00000      0.00000      1.00000
     0.396000      0.00000      0.00000      0.00000      2.00000
     0.397000      0.00000      0.00000      0.00000      0.00000
     0.398000      0.00000      0.00000      0.00000      0.00000
     0.399000      0.00000      0.00000      0.00000      0.00000
