; Absorption coefficients of ammonia for ExoMol-C2018 line database.
; k-tables computed for p=1atm, T=165K and k-tables co-added to single mean absorption coefficient.
; Output table has wavelengths (microns) and absorption coefficients (1E-20 cm-1/(molecule/cm2)
  601			; Number of wavelengths
  0.4000000      0.0000000E+00
  0.4010000      0.0000000E+00
  0.4020000      0.0000000E+00
  0.4030000      0.0000000E+00
  0.4040000      0.0000000E+00
  0.4050000      0.0000000E+00
  0.4060000      0.0000000E+00
  0.4070000      0.0000000E+00
  0.4080000      0.0000000E+00
  0.4090000      0.0000000E+00
  0.4100000      0.0000000E+00
  0.4110000      0.0000000E+00
  0.4120000      0.0000000E+00
  0.4130000      0.0000000E+00
  0.4140000      0.0000000E+00
  0.4150000      0.0000000E+00
  0.4160000      0.0000000E+00
  0.4170000      0.0000000E+00
  0.4180000      0.0000000E+00
  0.4190000      0.0000000E+00
  0.4200000      0.0000000E+00
  0.4210000      0.0000000E+00
  0.4220000      0.0000000E+00
  0.4230000      0.0000000E+00
  0.4240000      0.0000000E+00
  0.4250000      0.0000000E+00
  0.4260000      0.0000000E+00
  0.4270000      0.0000000E+00
  0.4280000      0.0000000E+00
  0.4290000      0.0000000E+00
  0.4300000      0.0000000E+00
  0.4310000      0.0000000E+00
  0.4320000      0.0000000E+00
  0.4330000      0.0000000E+00
  0.4340000      0.0000000E+00
  0.4350000      0.0000000E+00
  0.4360000      0.0000000E+00
  0.4370000      0.0000000E+00
  0.4380000      0.0000000E+00
  0.4390000      0.0000000E+00
  0.4400000      0.0000000E+00
  0.4410000      0.0000000E+00
  0.4420000      0.0000000E+00
  0.4430000      0.0000000E+00
  0.4440000      0.0000000E+00
  0.4450000      0.0000000E+00
  0.4460000      0.0000000E+00
  0.4470000      0.0000000E+00
  0.4480000      0.0000000E+00
  0.4490000      0.0000000E+00
  0.4500000      0.0000000E+00
  0.4510000      0.0000000E+00
  0.4520000      0.0000000E+00
  0.4530000      0.0000000E+00
  0.4540000      0.0000000E+00
  0.4550000      0.0000000E+00
  0.4560000      0.0000000E+00
  0.4570000      0.0000000E+00
  0.4580000      0.0000000E+00
  0.4590000      0.0000000E+00
  0.4600000      0.0000000E+00
  0.4610000      0.0000000E+00
  0.4620000      0.0000000E+00
  0.4630000      0.0000000E+00
  0.4640000      0.0000000E+00
  0.4650000      0.0000000E+00
  0.4660000      0.0000000E+00
  0.4670000      0.0000000E+00
  0.4680000      0.0000000E+00
  0.4690000      0.0000000E+00
  0.4700000      0.0000000E+00
  0.4710000      0.0000000E+00
  0.4720000      0.0000000E+00
  0.4730000      0.0000000E+00
  0.4740000      0.0000000E+00
  0.4750000      0.0000000E+00
  0.4760000      0.0000000E+00
  0.4770000      0.0000000E+00
  0.4780000      0.0000000E+00
  0.4790000      0.0000000E+00
  0.4800000      0.0000000E+00
  0.4810000      0.0000000E+00
  0.4820000      0.0000000E+00
  0.4830000      0.0000000E+00
  0.4840000      0.0000000E+00
  0.4850000      0.0000000E+00
  0.4860000      0.0000000E+00
  0.4870000      0.0000000E+00
  0.4880000      0.0000000E+00
  0.4890000      0.0000000E+00
  0.4900000      0.0000000E+00
  0.4910000      0.0000000E+00
  0.4920000      0.0000000E+00
  0.4930000      0.0000000E+00
  0.4940000      0.0000000E+00
  0.4950000      0.0000000E+00
  0.4960000      0.0000000E+00
  0.4970000      0.0000000E+00
  0.4980000      1.1992658E-11
  0.4990000      2.8881887E-08
  0.5000000      1.3481190E-07
  0.5010000      2.4457043E-07
  0.5020000      2.7306308E-07
  0.5030000      2.6135228E-07
  0.5040000      2.8867552E-07
  0.5050000      3.6994498E-07
  0.5060000      4.3004036E-07
  0.5070000      4.1952458E-07
  0.5080000      4.1703603E-07
  0.5090000      4.7634293E-07
  0.5100000      5.0862099E-07
  0.5110000      5.0495669E-07
  0.5120000      4.9816663E-07
  0.5130000      3.9304501E-07
  0.5140000      2.6371541E-07
  0.5150000      4.5283215E-07
  0.5160000      1.1723801E-06
  0.5170000      2.2183785E-06
  0.5180000      2.9872494E-06
  0.5190000      2.9304811E-06
  0.5200000      2.3127152E-06
  0.5210000      1.5671374E-06
  0.5220000      1.0181914E-06
  0.5230000      6.6477423E-07
  0.5240000      4.8188355E-07
  0.5250000      3.7158065E-07
  0.5260000      2.8980969E-07
  0.5270000      2.3644415E-07
  0.5280000      1.9349892E-07
  0.5290000      1.7538630E-07
  0.5300000      2.3058806E-07
  0.5310000      3.6511835E-07
  0.5320000      5.0709849E-07
  0.5330000      6.2348005E-07
  0.5340000      6.6777432E-07
  0.5350000      7.3875930E-07
  0.5360000      9.2786496E-07
  0.5370000      1.0247451E-06
  0.5380000      9.5097090E-07
  0.5390000      7.9232052E-07
  0.5400000      6.1800768E-07
  0.5410000      4.6576875E-07
  0.5420000      3.6223500E-07
  0.5430000      3.2754193E-07
  0.5440000      3.4039300E-07
  0.5450000      3.6701007E-07
  0.5460000      4.1420290E-07
  0.5470000      5.7463825E-07
  0.5480000      1.8736266E-06
  0.5490000      9.8440223E-06
  0.5500000      2.3182667E-05
  0.5510000      3.0228737E-05
  0.5520000      2.9077633E-05
  0.5530000      2.4905616E-05
  0.5540000      1.7471008E-05
  0.5550000      1.0474217E-05
  0.5560000      5.4197285E-06
  0.5570000      2.5038332E-06
  0.5580000      1.1642360E-06
  0.5590000      5.7285808E-07
  0.5600000      3.1003000E-07
  0.5610000      2.2063314E-07
  0.5620000      2.0440704E-07
  0.5630000      2.2033083E-07
  0.5640000      2.4839321E-07
  0.5650000      2.9831807E-07
  0.5660000      4.1806049E-07
  0.5670000      6.2516136E-07
  0.5680000      8.8295911E-07
  0.5690000      1.1338670E-06
  0.5700000      1.2718291E-06
  0.5710000      1.2318477E-06
  0.5720000      1.1137560E-06
  0.5730000      1.0142807E-06
  0.5740000      9.1334516E-07
  0.5750000      8.1519465E-07
  0.5760000      7.6879701E-07
  0.5770000      7.7984009E-07
  0.5780000      8.5744222E-07
  0.5790000      9.2689970E-07
  0.5800000      9.6051053E-07
  0.5810000      1.0126819E-06
  0.5820000      1.1239325E-06
  0.5830000      1.4632836E-06
  0.5840000      2.4788189E-06
  0.5850000      3.5967666E-06
  0.5860000      4.0394243E-06
  0.5870000      4.1210801E-06
  0.5880000      3.7012817E-06
  0.5890000      2.8166701E-06
  0.5900000      2.2308243E-06
  0.5910000      1.8327215E-06
  0.5920000      1.4219921E-06
  0.5930000      1.2294410E-06
  0.5940000      1.0925214E-06
  0.5950000      8.8933507E-07
  0.5960000      7.5272260E-07
  0.5970000      7.1670428E-07
  0.5980000      7.3457596E-07
  0.5990000      7.6320612E-07
  0.6000000      8.8737386E-07
  0.6010000      1.4556167E-06
  0.6020000      5.7817542E-06
  0.6030000      1.5755326E-05
  0.6040000      2.1824693E-05
  0.6050000      1.9908846E-05
  0.6060000      1.8872121E-05
  0.6070000      1.6282964E-05
  0.6080000      1.1203463E-05
  0.6090000      7.3420351E-06
  0.6100000      4.1519902E-06
  0.6110000      2.2396716E-06
  0.6120000      1.3941537E-06
  0.6130000      1.0768315E-06
  0.6140000      1.0066998E-06
  0.6150000      1.0170373E-06
  0.6160000      1.0314741E-06
  0.6170000      1.0338622E-06
  0.6180000      1.0445222E-06
  0.6190000      1.0585934E-06
  0.6200000      1.0928893E-06
  0.6210001      1.1448752E-06
  0.6220000      1.2496992E-06
  0.6230000      1.6297328E-06
  0.6240000      2.2665110E-06
  0.6250000      2.5035285E-06
  0.6260000      2.4867495E-06
  0.6270000      2.9084895E-06
  0.6280000      3.1627114E-06
  0.6290000      2.7782544E-06
  0.6300000      2.7537194E-06
  0.6310000      3.2126095E-06
  0.6320000      3.5792668E-06
  0.6330000      4.0658560E-06
  0.6340000      4.8247466E-06
  0.6350000      5.8954279E-06
  0.6360000      7.7116083E-06
  0.6370000      9.2235960E-06
  0.6380000      9.4042725E-06
  0.6390000      9.5249216E-06
  0.6400000      1.0159474E-05
  0.6410000      1.0755095E-05
  0.6420000      1.5606885E-05
  0.6430000      4.6123907E-05
  0.6440001      1.2224351E-04
  0.6450000      1.7792007E-04
  0.6460000      1.6765647E-04
  0.6470000      1.5777083E-04
  0.6480000      1.7079487E-04
  0.6490000      1.3800865E-04
  0.6500000      9.4239324E-05
  0.6510000      6.6747365E-05
  0.6520000      4.3397922E-05
  0.6530000      2.5845748E-05
  0.6540000      1.7335180E-05
  0.6550000      1.3090556E-05
  0.6560000      1.0804726E-05
  0.6570000      9.7779593E-06
  0.6580000      8.5427955E-06
  0.6590000      7.2399034E-06
  0.6600000      6.0758211E-06
  0.6610000      4.8384118E-06
  0.6620001      3.6432316E-06
  0.6630000      2.5484819E-06
  0.6640000      1.6166497E-06
  0.6650000      9.7138911E-07
  0.6660000      5.9994215E-07
  0.6670001      3.8438128E-07
  0.6680000      3.0354798E-07
  0.6690000      3.2986611E-07
  0.6700000      4.0248526E-07
  0.6710000      4.8356583E-07
  0.6720001      5.6097042E-07
  0.6730000      6.5555122E-07
  0.6740000      7.9677761E-07
  0.6750000      1.0057959E-06
  0.6760000      1.3757290E-06
  0.6770000      1.9057495E-06
  0.6780000      2.6878583E-06
  0.6790000      3.8315347E-06
  0.6800000      5.1465718E-06
  0.6810000      6.5083113E-06
  0.6820000      8.2844399E-06
  0.6830000      1.0668524E-05
  0.6840000      1.2657595E-05
  0.6850001      1.3352088E-05
  0.6860000      1.2815062E-05
  0.6870000      1.1981070E-05
  0.6880000      1.1432851E-05
  0.6890000      1.1056297E-05
  0.6900001      1.0540300E-05
  0.6910000      1.0313548E-05
  0.6920000      1.1046998E-05
  0.6930000      1.2145376E-05
  0.6940000      1.3421586E-05
  0.6950001      1.5326683E-05
  0.6960000      1.6238280E-05
  0.6970000      1.6773687E-05
  0.6980000      2.0092821E-05
  0.6990000      2.3870365E-05
  0.7000000      2.4895835E-05
  0.7010000      2.7606899E-05
  0.7020000      3.2319087E-05
  0.7030000      3.4054490E-05
  0.7040000      3.4151031E-05
  0.7050000      3.3844804E-05
  0.7060000      3.5144869E-05
  0.7070000      3.8180162E-05
  0.7080000      3.6883681E-05
  0.7090000      3.1574153E-05
  0.7100000      2.7167900E-05
  0.7110000      2.4586685E-05
  0.7120000      2.1645461E-05
  0.7130000      1.7461720E-05
  0.7140000      1.3105766E-05
  0.7150000      1.0050929E-05
  0.7160000      8.1673243E-06
  0.7170000      6.8882332E-06
  0.7180000      6.3913021E-06
  0.7190000      5.9976946E-06
  0.7200000      5.4801603E-06
  0.7210000      5.4671304E-06
  0.7220000      6.2022023E-06
  0.7230000      7.9919473E-06
  0.7240000      1.2415630E-05
  0.7250000      2.5568095E-05
  0.7260000      4.9600007E-05
  0.7270000      7.6697645E-05
  0.7280000      9.4914700E-05
  0.7290000      9.2158167E-05
  0.7300000      9.1613008E-05
  0.7310000      9.5568626E-05
  0.7320000      8.3107298E-05
  0.7330000      6.8601890E-05
  0.7340000      6.1170482E-05
  0.7350000      4.8541486E-05
  0.7360000      3.6062400E-05
  0.7370000      2.7427632E-05
  0.7380000      2.0609839E-05
  0.7390000      1.4983047E-05
  0.7400000      1.0895104E-05
  0.7410000      8.8870265E-06
  0.7420000      7.5581702E-06
  0.7430000      6.0629909E-06
  0.7440000      5.2181122E-06
  0.7450000      5.0232975E-06
  0.7460000      4.9309683E-06
  0.7470000      5.0451754E-06
  0.7480000      5.7647048E-06
  0.7490000      6.4696460E-06
  0.7500000      6.7829901E-06
  0.7510000      6.8162963E-06
  0.7520000      7.3454639E-06
  0.7530000      8.7492990E-06
  0.7540000      9.8780074E-06
  0.7550000      1.2448679E-05
  0.7560000      1.8043058E-05
  0.7570000      2.6552872E-05
  0.7580000      3.6791884E-05
  0.7590000      4.5247827E-05
  0.7600000      5.9328857E-05
  0.7610000      8.3387342E-05
  0.7620000      9.7386532E-05
  0.7630000      9.0704518E-05
  0.7640000      8.5053951E-05
  0.7650000      9.4368152E-05
  0.7660000      1.0092386E-04
  0.7670000      9.5073090E-05
  0.7680000      8.6141205E-05
  0.7690000      7.3952782E-05
  0.7700000      6.2945372E-05
  0.7710000      6.4284104E-05
  0.7720000      6.3726788E-05
  0.7730000      5.1273353E-05
  0.7740000      4.3608885E-05
  0.7750000      4.2734140E-05
  0.7760000      4.0993280E-05
  0.7770000      4.3756525E-05
  0.7780000      5.6865087E-05
  0.7790000      7.6677054E-05
  0.7800000      8.8042529E-05
  0.7810000      9.5432726E-05
  0.7820000      1.3180876E-04
  0.7830000      2.0970772E-04
  0.7840000      3.3404425E-04
  0.7850000      5.2533072E-04
  0.7860000      7.4467110E-04
  0.7870000      9.0564077E-04
  0.7880000      1.0006878E-03
  0.7890000      9.4707048E-04
  0.7900000      8.3792856E-04
  0.7910000      9.4926916E-04
  0.7920000      1.0113363E-03
  0.7930000      7.5247476E-04
  0.7940000      5.6266005E-04
  0.7950000      4.8552779E-04
  0.7960000      4.1123416E-04
  0.7970000      3.1889926E-04
  0.7980000      2.1561513E-04
  0.7990000      1.3966188E-04
  0.8000000      9.9516728E-05
  0.8010000      7.3322262E-05
  0.8020000      5.9884533E-05
  0.8030000      5.1123730E-05
  0.8040000      4.4000280E-05
  0.8050000      3.9108825E-05
  0.8060000      3.7401645E-05
  0.8070000      3.7278704E-05
  0.8080000      3.9452236E-05
  0.8090000      4.5811521E-05
  0.8100000      5.2679796E-05
  0.8110000      5.1396531E-05
  0.8120000      4.6176705E-05
  0.8130000      4.4324486E-05
  0.8140000      4.3601423E-05
  0.8150000      4.0530776E-05
  0.8160000      3.6340269E-05
  0.8170000      3.3277960E-05
  0.8180000      2.7769685E-05
  0.8190000      2.2848004E-05
  0.8200000      1.8377255E-05
  0.8210000      1.4545405E-05
  0.8220000      1.1438977E-05
  0.8230000      9.1661541E-06
  0.8240000      7.3366259E-06
  0.8250000      6.1053579E-06
  0.8260000      5.0276394E-06
  0.8270000      4.0903542E-06
  0.8280000      3.6316760E-06
  0.8290000      3.3693827E-06
  0.8300000      3.4187622E-06
  0.8310000      3.5357330E-06
  0.8320000      3.2080052E-06
  0.8330000      3.2086818E-06
  0.8340000      3.8944327E-06
  0.8350000      4.2093488E-06
  0.8360000      4.2083366E-06
  0.8370000      5.0109857E-06
  0.8380000      6.3034481E-06
  0.8390000      7.1662516E-06
  0.8400000      7.0301166E-06
  0.8410000      6.3026505E-06
  0.8420000      6.7202163E-06
  0.8430000      7.5561898E-06
  0.8440000      7.6927136E-06
  0.8450000      8.2877086E-06
  0.8460000      9.2322780E-06
  0.8470000      9.5982887E-06
  0.8480000      1.0326354E-05
  0.8490000      1.2873704E-05
  0.8500000      1.7163407E-05
  0.8510000      2.2469687E-05
  0.8520000      2.7253478E-05
  0.8530000      2.9312683E-05
  0.8540000      3.2065418E-05
  0.8550000      4.0726616E-05
  0.8560000      5.3027274E-05
  0.8570000      6.1171362E-05
  0.8580000      7.0755872E-05
  0.8590000      8.5134991E-05
  0.8600000      8.6684908E-05
  0.8610000      7.9674210E-05
  0.8620000      7.9699887E-05
  0.8630000      9.1930473E-05
  0.8640000      1.1223785E-04
  0.8650000      1.2242544E-04
  0.8660000      1.2792798E-04
  0.8670000      1.5628622E-04
  0.8680000      1.8945355E-04
  0.8690000      2.0530338E-04
  0.8700000      2.0838912E-04
  0.8710000      2.0822795E-04
  0.8720000      2.1087674E-04
  0.8730000      2.1485316E-04
  0.8740000      2.2493942E-04
  0.8750000      2.4362965E-04
  0.8760000      2.4831155E-04
  0.8770000      2.8506745E-04
  0.8780000      3.7940929E-04
  0.8790000      5.1024189E-04
  0.8800000      6.3402666E-04
  0.8810000      7.1549078E-04
  0.8820000      6.9539947E-04
  0.8830000      6.2914041E-04
  0.8840000      6.3217361E-04
  0.8850000      6.7028851E-04
  0.8860000      6.6095783E-04
  0.8870000      6.6874636E-04
  0.8880000      6.9390284E-04
  0.8890000      6.6600915E-04
  0.8900000      6.0824450E-04
  0.8910000      5.5806304E-04
  0.8920000      4.6343030E-04
  0.8930000      4.1178137E-04
  0.8940000      4.0835407E-04
  0.8950000      3.8777897E-04
  0.8960000      3.5946787E-04
  0.8970000      3.6276740E-04
  0.8980000      3.6504879E-04
  0.8990000      3.4609332E-04
  0.9000000      3.3412952E-04
  0.9010000      3.1992883E-04
  0.9020000      2.9660980E-04
  0.9030000      2.8224243E-04
  0.9040000      2.8838139E-04
  0.9050000      2.9566948E-04
  0.9060000      2.8248134E-04
  0.9070000      2.6117678E-04
  0.9080000      2.4457232E-04
  0.9090000      2.3595919E-04
  0.9100000      2.5316415E-04
  0.9110000      2.5998306E-04
  0.9120000      2.2227154E-04
  0.9130000      1.8115895E-04
  0.9140000      1.5931817E-04
  0.9150000      1.5039038E-04
  0.9160000      1.4401102E-04
  0.9170000      1.3260750E-04
  0.9180000      1.2407324E-04
  0.9190000      1.2387808E-04
  0.9200000      1.2933923E-04
  0.9210000      1.5227741E-04
  0.9220000      2.0616232E-04
  0.9230000      2.7839781E-04
  0.9240000      3.6347413E-04
  0.9250000      4.6726601E-04
  0.9260000      5.4297707E-04
  0.9270000      5.6543923E-04
  0.9280000      5.8769330E-04
  0.9290000      6.3095341E-04
  0.9300000      5.9203221E-04
  0.9310000      5.6949444E-04
  0.9320000      6.3778745E-04
  0.9330000      6.3624309E-04
  0.9340000      5.3492317E-04
  0.9350000      4.5454822E-04
  0.9360000      4.3788302E-04
  0.9370000      4.4253856E-04
  0.9380000      4.0964197E-04
  0.9390000      3.3849225E-04
  0.9400000      2.7856990E-04
  0.9410000      2.2546225E-04
  0.9420000      1.8185054E-04
  0.9430000      1.5187422E-04
  0.9440000      1.2508106E-04
  0.9450000      1.0874231E-04
  0.9460000      9.5535193E-05
  0.9470000      7.8914418E-05
  0.9480000      6.0962058E-05
  0.9490000      4.4868902E-05
  0.9500000      3.6032503E-05
  0.9510000      3.2768719E-05
  0.9520000      2.7584656E-05
  0.9530000      2.2379467E-05
  0.9540000      1.8508574E-05
  0.9550000      1.4176678E-05
  0.9560000      1.1193767E-05
  0.9570000      9.3162662E-06
  0.9580000      8.1479520E-06
  0.9590000      7.3568317E-06
  0.9600000      6.7808751E-06
  0.9610000      6.7933120E-06
  0.9620000      8.0880900E-06
  0.9630000      1.1651909E-05
  0.9640000      1.8446288E-05
  0.9650000      2.6847878E-05
  0.9660000      4.0846760E-05
  0.9670000      6.5296445E-05
  0.9680000      9.7007236E-05
  0.9690000      1.3193861E-04
  0.9700000      1.4365114E-04
  0.9710000      1.4262511E-04
  0.9720000      1.3938175E-04
  0.9730000      1.2249968E-04
  0.9740000      9.6009098E-05
  0.9750000      8.9908608E-05
  0.9760000      3.0916446E-04
  0.9770000      6.0215400E-04
  0.9780000      6.6998397E-04
  0.9790000      6.1715324E-04
  0.9800000      7.3995884E-04
  0.9810000      1.0316116E-03
  0.9820000      1.3128810E-03
  0.9830000      1.5728392E-03
  0.9840000      1.7376102E-03
  0.9850000      1.7556658E-03
  0.9860000      1.7124519E-03
  0.9870000      1.9264998E-03
  0.9880000      2.4435981E-03
  0.9890000      2.9897369E-03
  0.9900000      3.0931882E-03
  0.9910000      2.5460373E-03
  0.9920000      2.0987480E-03
  0.9930000      2.0248438E-03
  0.9940000      2.0156950E-03
  0.9950000      2.2084480E-03
  0.9960000      2.4131546E-03
  0.9970000      2.4205327E-03
  0.9980000      2.3766912E-03
  0.9990000      2.1852760E-03
   1.000000      1.9127639E-03
