#  WV (nm)   Kark1994  MUSE 0730  MUSE 0919     T620       T632       T647       T656       CH4        NH3
   600.000  0.5212000  0.4723418  0.5310596  0.0000000  0.0000000  0.0000000  0.0000000  0.0220000  0.0238337
   600.500  0.5226500  0.4721615  0.5327829  0.0000000  0.0000000  0.0000000  0.0000000  0.0195750  0.0315319
   601.000  0.5230500  0.4716715  0.5328351  0.0000000  0.0000000  0.0000000  0.0000000  0.0178500  0.0392302
   601.500  0.5228500  0.4718512  0.5320642  0.0000000  0.0000000  0.0000000  0.0000000  0.0155250  0.0972694
   602.000  0.5217000  0.4713636  0.5323456  0.0000000  0.0000000  0.0000000  0.0000000  0.0131000  0.1553086
   602.500  0.5207750  0.4724055  0.5307694  0.0000000  0.0000000  0.0000000  0.0000000  0.0113000  0.2899273
   603.000  0.5198000  0.4729621  0.5309064  0.0000000  0.0000000  0.0000000  0.0000000  0.0099000  0.4245460
   603.500  0.5195750  0.4731029  0.5312685  0.0000000  0.0000000  0.0000000  0.0000000  0.0090250  0.5051560
   604.000  0.5206000  0.4733968  0.5309534  0.0000000  0.0000000  0.0000000  0.0000000  0.0085000  0.5857660
   604.500  0.5222750  0.4727150  0.5314292  0.0000000  0.0000000  0.0000000  0.0000000  0.0086000  0.5602395
   605.000  0.5227500  0.4725008  0.5307931  0.0000000  0.0000000  0.0000000  0.0000000  0.0095000  0.5347130
   605.500  0.5209000  0.4715868  0.5294273  0.0000000  0.0000000  0.0000000  0.0000000  0.0111500  0.5212780
   606.000  0.5197000  0.4709918  0.5287855  0.0000000  0.0000000  0.0000000  0.0000000  0.0132000  0.5078430
   606.500  0.5194500  0.4706724  0.5279427  0.0000000  0.0000000  0.0000000  0.0000000  0.0166500  0.4729120
   607.000  0.5198500  0.4705118  0.5275867  0.0000000  0.0000000  0.0000000  0.0000000  0.0202000  0.4379810
   607.500  0.5199500  0.4695058  0.5277924  0.0035972  0.0000000  0.0000000  0.0000000  0.0239750  0.3694625
   608.000  0.5194000  0.4686143  0.5263025  0.0062547  0.0000000  0.0000000  0.0000000  0.0298000  0.3009440
   608.500  0.5185750  0.4683398  0.5258869  0.0068851  0.0000000  0.0000000  0.0000000  0.0357250  0.2490849
   609.000  0.5185000  0.4680612  0.5247593  0.0078719  0.0000000  0.0000000  0.0000000  0.0383500  0.1972258
   609.500  0.5186500  0.4684575  0.5236190  0.0126406  0.0000000  0.0000000  0.0000000  0.0391000  0.1543682
   610.000  0.5175000  0.4687283  0.5230591  0.0259428  0.0000000  0.0000000  0.0000000  0.0413000  0.1115105
   610.500  0.5162000  0.4676032  0.5216382  0.0469418  0.0000000  0.0000000  0.0000000  0.0467500  0.0858496
   611.000  0.5145500  0.4665046  0.5210974  0.0782642  0.0000000  0.0000000  0.0000000  0.0553500  0.0601888
   611.500  0.5128250  0.4634496  0.5193497  0.1325571  0.0000000  0.0000000  0.0000000  0.0683750  0.0487691
   612.000  0.5097000  0.4605929  0.5161799  0.2041508  0.0000000  0.0000000  0.0000000  0.0885000  0.0373493
   612.500  0.5051000  0.4568628  0.5119650  0.3031265  0.0000000  0.0000000  0.0000000  0.1151750  0.0331845
   613.000  0.4988000  0.4532219  0.5071453  0.4220863  0.0000000  0.0000000  0.0000000  0.1525500  0.0290196
   613.500  0.4901000  0.4491474  0.5017353  0.5660429  0.0000000  0.0000000  0.0000000  0.2028250  0.0280792
   614.000  0.4833000  0.4451047  0.4975810  0.7294196  0.0000000  0.0000000  0.0000000  0.2461000  0.0271387
   614.500  0.4778500  0.4425444  0.4945410  0.8553426  0.0000000  0.0000000  0.0000000  0.2831000  0.0272731
   615.000  0.4738500  0.4399569  0.4904319  0.9313920  0.0000000  0.0000000  0.0000000  0.3079500  0.0274074
   615.500  0.4703750  0.4354759  0.4879831  0.9660724  0.0000000  0.0000000  0.0000000  0.3235750  0.0275417
   616.000  0.4640000  0.4306074  0.4833714  0.9748177  0.0000000  0.0000000  0.0000000  0.3549000  0.0276761
   616.500  0.4614000  0.4254642  0.4768918  0.9799689  0.0000000  0.0000000  0.0000000  0.3765750  0.0276761
   617.000  0.4562500  0.4196565  0.4734258  0.9813905  0.0000000  0.0000000  0.0000000  0.4086000  0.0276761
   617.500  0.4450250  0.4159714  0.4669089  0.9957161  0.0000000  0.0000000  0.0000000  0.4893000  0.0278105
   618.000  0.4327000  0.4118091  0.4604789  1.0000000  0.0000000  0.0000000  0.0000000  0.5916000  0.0279448
   618.500  0.4254250  0.4096759  0.4552157  0.9826571  0.0000000  0.0000000  0.0000000  0.6661750  0.0282135
   619.000  0.4233000  0.4076757  0.4510654  0.9724364  0.0000000  0.0000000  0.0000000  0.7030000  0.0284822
   619.500  0.4234250  0.4086317  0.4509892  0.9798799  0.0000000  0.0000000  0.0000000  0.7111000  0.0288853
   620.000  0.4255000  0.4101488  0.4537688  0.9675173  0.0000000  0.0000000  0.0000000  0.6833000  0.0292883
   620.500  0.4308500  0.4134134  0.4584371  0.9638458  0.0000000  0.0000000  0.0000000  0.6222000  0.0299601
   621.000  0.4368000  0.4172242  0.4631007  0.9373609  0.0036800  0.0000000  0.0000000  0.5686000  0.0306318
   621.500  0.4417000  0.4218165  0.4688554  0.9052476  0.0050678  0.0000000  0.0000000  0.5278250  0.0321097
   622.000  0.4505000  0.4267780  0.4752900  0.8660756  0.0067284  0.0000000  0.0000000  0.4573000  0.0335875
   622.500  0.4599750  0.4331994  0.4826884  0.8038238  0.0097047  0.0000000  0.0000000  0.3787500  0.0386928
   623.000  0.4667000  0.4397479  0.4901573  0.7215946  0.0150611  0.0000000  0.0000000  0.3161000  0.0437981
   623.500  0.4749250  0.4457771  0.4972274  0.6107174  0.0287650  0.0000000  0.0000000  0.2538250  0.0523965
   624.000  0.4840000  0.4515805  0.5036630  0.4683534  0.0579180  0.0000000  0.0000000  0.1940000  0.0609949
   624.500  0.4898500  0.4558347  0.5085155  0.3204011  0.1151014  0.0000000  0.0000000  0.1492500  0.0640850
   625.000  0.4959500  0.4594910  0.5142470  0.1968743  0.2055164  0.0000000  0.0000000  0.1166500  0.0671750
   625.500  0.5003250  0.4637343  0.5168311  0.1122817  0.3566891  0.0000000  0.0000000  0.0908000  0.0670407
   626.000  0.5051000  0.4673122  0.5214537  0.0618115  0.5872548  0.0000000  0.0000000  0.0677000  0.0669063
   626.500  0.5094500  0.4702355  0.5245533  0.0362018  0.8231357  0.0000000  0.0000000  0.0519500  0.0725490
   627.000  0.5116000  0.4730277  0.5254334  0.0222688  0.9394171  0.0000000  0.0000000  0.0416500  0.0781917
   627.500  0.5112750  0.4734432  0.5267746  0.0140885  0.9786488  0.0000000  0.0000000  0.0342750  0.0815504
   628.000  0.5108000  0.4744266  0.5255933  0.0080116  0.9837299  0.0000000  0.0000000  0.0258000  0.0849092
   628.500  0.5141000  0.4754377  0.5274586  0.0054609  0.9730051  0.0000000  0.0000000  0.0188750  0.0798039
   629.000  0.5167500  0.4771491  0.5285202  0.0046513  0.9849445  0.0000000  0.0000000  0.0149500  0.0746986
   629.500  0.5182000  0.4777291  0.5305261  0.0034317  1.0000000  0.0000000  0.0000000  0.0119250  0.0742956
   630.000  0.5188000  0.4785930  0.5324015  0.0000000  0.9912606  0.0000000  0.0000000  0.0092000  0.0738925
   630.500  0.5212750  0.4796774  0.5332320  0.0000000  0.9695173  0.0000000  0.0000000  0.0069250  0.0800726
   631.000  0.5223500  0.4805709  0.5344733  0.0000000  0.9848982  0.0000000  0.0000000  0.0054500  0.0862527
   631.500  0.5209500  0.4810938  0.5343402  0.0000000  0.9979140  0.0000000  0.0000000  0.0046500  0.0912237
   632.000  0.5208000  0.4812603  0.5357003  0.0000000  0.9775435  0.0000000  0.0000000  0.0039000  0.0961946
   632.500  0.5220250  0.4823298  0.5365609  0.0000000  0.9584407  0.0000000  0.0000000  0.0033000  0.1027778
   633.000  0.5218000  0.4831680  0.5373265  0.0000000  0.9620176  0.0000000  0.0000000  0.0030000  0.1093609
   633.500  0.5206750  0.4839627  0.5375415  0.0000000  0.9550516  0.0000000  0.0000000  0.0031500  0.1194371
   634.000  0.5207000  0.4847392  0.5372711  0.0000000  0.9088109  0.0000000  0.0000000  0.0034000  0.1295134
   634.500  0.5205750  0.4841101  0.5377773  0.0000000  0.8688586  0.0000000  0.0000000  0.0036250  0.1440232
   635.000  0.5203500  0.4834733  0.5382717  0.0000000  0.8058525  0.0000000  0.0000000  0.0039000  0.1585330
   635.500  0.5202750  0.4835110  0.5382788  0.0000000  0.6759949  0.0000000  0.0000000  0.0045500  0.1828503
   636.000  0.5195000  0.4833819  0.5373974  0.0000000  0.4775180  0.0000000  0.0000000  0.0054000  0.2071677
   636.500  0.5196750  0.4840523  0.5367113  0.0000000  0.2717364  0.0042221  0.0000000  0.0062750  0.2274546
   637.000  0.5191000  0.4847087  0.5374734  0.0000000  0.1367139  0.0061622  0.0000000  0.0070500  0.2477414
   637.500  0.5189000  0.4849570  0.5382868  0.0000000  0.0659880  0.0087401  0.0000000  0.0074500  0.2501597
   638.000  0.5189000  0.4856326  0.5378275  0.0000000  0.0347157  0.0136968  0.0045456  0.0082000  0.2525780
   638.500  0.5182750  0.4850834  0.5382324  0.0000000  0.0177883  0.0228144  0.0050829  0.0101000  0.2541902
   639.000  0.5173000  0.4851144  0.5369066  0.0000000  0.0109392  0.0387850  0.0054349  0.0119000  0.2558024
   639.500  0.5162500  0.4840992  0.5365837  0.0000000  0.0054811  0.0694973  0.0053418  0.0131000  0.2649382
   640.000  0.5156000  0.4831599  0.5367336  0.0000000  0.0037011  0.1274256  0.0057562  0.0147000  0.2740740
   640.500  0.5161250  0.4824403  0.5363887  0.0000000  0.0000000  0.2137918  0.0070490  0.0167000  0.2821350
   641.000  0.5149000  0.4811871  0.5359745  0.0000000  0.0000000  0.3334589  0.0079168  0.0202000  0.2901960
   641.500  0.5130000  0.4799386  0.5339572  0.0000000  0.0000000  0.4934366  0.0088812  0.0234000  0.3546840
   642.000  0.5096000  0.4781901  0.5314956  0.0000000  0.0000000  0.6825904  0.0101329  0.0260000  0.4191720
   642.500  0.5062250  0.4749963  0.5276678  0.0000000  0.0000000  0.8621434  0.0115413  0.0280000  0.8289395
   643.000  0.5004500  0.4717877  0.5225176  0.0000000  0.0000000  0.9641572  0.0133917  0.0279000  1.2387070
   643.500  0.4922000  0.4675779  0.5173387  0.0000000  0.0000000  0.9913097  0.0150056  0.0266000  2.2584235
   644.000  0.4835000  0.4636260  0.5118709  0.0000000  0.0000000  0.9927572  0.0171441  0.0243000  3.2781400
   644.500  0.4771000  0.4633114  0.5091878  0.0000000  0.0000000  0.9991336  0.0197743  0.0222750  4.0305000
   645.000  0.4763000  0.4630892  0.5088822  0.0000000  0.0000000  0.9820093  0.0227233  0.0220000  4.7828600
   645.500  0.4836750  0.4635565  0.5113755  0.0000000  0.0000000  0.9905666  0.0268475  0.0224750  4.6485100
   646.000  0.4941000  0.4638873  0.5140438  0.0000000  0.0000000  0.9972559  0.0315280  0.0234000  4.5141600
   646.500  0.4963500  0.4634214  0.5135048  0.0000000  0.0000000  0.9987889  0.0371726  0.0229000  4.3798100
   647.000  0.4854500  0.4630527  0.5121696  0.0000000  0.0000000  1.0000000  0.0440839  0.0210500  4.2454600
   647.500  0.4743250  0.4630769  0.5100764  0.0000000  0.0000000  0.9901596  0.0517946  0.0201000  4.4201150
   648.000  0.4797000  0.4634734  0.5103061  0.0000000  0.0000000  0.9849564  0.0621028  0.0233000  4.5947700
   648.500  0.4881000  0.4658762  0.5125899  0.0000000  0.0000000  0.9722754  0.0742902  0.0284500  4.1514150
   649.000  0.4898000  0.4682697  0.5151505  0.0000000  0.0000000  0.9587427  0.0908042  0.0324500  3.7080600
   649.500  0.4924000  0.4728142  0.5158285  0.0000000  0.0000000  0.9205897  0.1088798  0.0356250  3.1196070
   650.000  0.4965000  0.4768052  0.5202515  0.0000000  0.0000000  0.9253429  0.1368464  0.0379000  2.5311540
   650.500  0.4993250  0.4795791  0.5229668  0.0000000  0.0000000  0.8708050  0.1678264  0.0394500  2.1616915
   651.000  0.4999000  0.4819019  0.5253636  0.0000000  0.0000000  0.7516877  0.1994110  0.0400000  1.7922290
   651.500  0.5009250  0.4828879  0.5281080  0.0000000  0.0000000  0.5976986  0.2404427  0.0390500  1.4791935
   652.000  0.5041000  0.4841486  0.5275963  0.0000000  0.0000000  0.4251709  0.2929245  0.0382000  1.1661580
   652.500  0.5063250  0.4853113  0.5292930  0.0000000  0.0000000  0.2566301  0.3509865  0.0397750  0.9297020
   653.000  0.5084000  0.4877875  0.5309473  0.0000000  0.0000000  0.1354288  0.4082802  0.0430000  0.6932460
   653.500  0.5087500  0.4901947  0.5325626  0.0000000  0.0000000  0.0700094  0.4717713  0.0478750  0.5790485
   654.000  0.5089000  0.4948660  0.5330743  0.0000000  0.0000000  0.0376407  0.5361923  0.0534000  0.4648510
   654.500  0.5088000  0.4967307  0.5404128  0.0000000  0.0000000  0.0209100  0.5901400  0.0586000  0.4084240
   655.000  0.5097000  0.4998356  0.5387492  0.0000000  0.0000000  0.0127790  0.6668983  0.0616500  0.3519970
   655.500  0.5100000  0.5007543  0.5377836  0.0000000  0.0000000  0.0082526  0.7399354  0.0674750  0.3210965
   656.000  0.5067000  0.4993803  0.5374548  0.0000000  0.0000000  0.0062544  0.7853110  0.0831000  0.2901960
   656.500  0.5112500  0.5049504  0.5273470  0.0000000  0.0000000  0.0047373  0.8687444  0.0852250  0.2764923
   657.000  0.5121000  0.5062446  0.5402891  0.0000000  0.0000000  0.0039953  1.0000000  0.0784500  0.2627886
   657.500  0.5112250  0.5084897  0.5424083  0.0000000  0.0000000  0.0000000  0.9366475  0.0776750  0.2461292
   658.000  0.5104000  0.5085911  0.5442613  0.0000000  0.0000000  0.0000000  0.9056444  0.0822000  0.2294698
   658.500  0.5107000  0.5048345  0.5445042  0.0000000  0.0000000  0.0000000  0.8603317  0.0856250  0.2120043
   659.000  0.5099000  0.5022415  0.5381457  0.0000000  0.0000000  0.0000000  0.8077829  0.0904500  0.1945388
   659.500  0.5101500  0.4988846  0.5373298  0.0000000  0.0000000  0.0000000  0.7387998  0.0943000  0.1789542
   660.000  0.5110000  0.4971890  0.5378263  0.0000000  0.0000000  0.0000000  0.6694102  0.0929000  0.1633696
   660.500  0.5104750  0.4960887  0.5381326  0.0000000  0.0000000  0.0000000  0.5825056  0.0933500  0.1467102
   661.000  0.5105500  0.4957083  0.5383322  0.0000000  0.0000000  0.0000000  0.4986646  0.0966500  0.1300508
   661.500  0.5099500  0.4956626  0.5392118  0.0000000  0.0000000  0.0000000  0.4240084  0.1023500  0.1139288
   662.000  0.5087000  0.4960094  0.5384496  0.0000000  0.0000000  0.0000000  0.3526156  0.1106000  0.0978068
   662.500  0.5065000  0.4952485  0.5390426  0.0000000  0.0000000  0.0000000  0.2929456  0.1211750  0.0831627
   663.000  0.5059000  0.4946886  0.5388115  0.0000000  0.0000000  0.0000000  0.2419906  0.1290000  0.0685185
   663.500  0.5068750  0.4945138  0.5381964  0.0000000  0.0000000  0.0000000  0.2002204  0.1304500  0.0560240
   664.000  0.5059000  0.4941339  0.5398890  0.0000000  0.0000000  0.0000000  0.1689816  0.1321000  0.0435294
   664.500  0.5049500  0.4940883  0.5400333  0.0000000  0.0000000  0.0000000  0.1391491  0.1342000  0.0348101
   665.000  0.5057000  0.4937408  0.5404854  0.0000000  0.0000000  0.0000000  0.1168131  0.1366000  0.0260908
   665.500  0.5046500  0.4924024  0.5394198  0.0000000  0.0000000  0.0000000  0.0980800  0.1506250  0.0211064
   666.000  0.5012000  0.4909392  0.5372767  0.0000000  0.0000000  0.0000000  0.0827163  0.1718000  0.0161220
   666.500  0.4997250  0.4898322  0.5353955  0.0000000  0.0000000  0.0000000  0.0705303  0.1807250  0.0132200
   667.000  0.5003000  0.4886349  0.5347955  0.0000000  0.0000000  0.0000000  0.0616542  0.1765000  0.0103181
   667.500  0.5010250  0.4886051  0.5342419  0.0000000  0.0000000  0.0000000  0.0525034  0.1733250  0.0092433
   668.000  0.5027000  0.4884962  0.5343934  0.0000000  0.0000000  0.0000000  0.0457006  0.1692000  0.0081685
   668.500  0.5035250  0.4884459  0.5349005  0.0000000  0.0000000  0.0000000  0.0399940  0.1597250  0.0085178
   669.000  0.5040000  0.4885723  0.5345834  0.0000000  0.0000000  0.0000000  0.0347828  0.1515000  0.0088671
   669.500  0.5053750  0.4882095  0.5355812  0.0000000  0.0000000  0.0000000  0.0305107  0.1387000  0.0098344
   670.000  0.5082000  0.4881995  0.5359749  0.0000000  0.0000000  0.0000000  0.0269792  0.1228000  0.0108017
   670.500  0.5115750  0.4888839  0.5371473  0.0000000  0.0000000  0.0000000  0.0240710  0.1070500  0.0119034
   671.000  0.5136500  0.4896318  0.5385291  0.0000000  0.0000000  0.0000000  0.0211404  0.0946000  0.0130051
   671.500  0.5140000  0.4913109  0.5392204  0.0000000  0.0000000  0.0000000  0.0185700  0.0819250  0.0140396
   672.000  0.5167000  0.4927169  0.5407509  0.0000000  0.0000000  0.0000000  0.0171605  0.0657000  0.0150741
   672.500  0.5190750  0.4944281  0.5419412  0.0000000  0.0000000  0.0000000  0.0155471  0.0529750  0.0163504
   673.000  0.5225000  0.4959711  0.5431213  0.0000000  0.0000000  0.0000000  0.0138951  0.0427000  0.0176267
   673.500  0.5239000  0.4963895  0.5446435  0.0000000  0.0000000  0.0000000  0.0127053  0.0354250  0.0195211
   674.000  0.5238000  0.4969664  0.5446102  0.0000000  0.0000000  0.0000000  0.0113881  0.0295000  0.0214154
   674.500  0.5247500  0.4978350  0.5454088  0.0000000  0.0000000  0.0000000  0.0105488  0.0246750  0.0242770
   675.000  0.5272500  0.4990030  0.5464562  0.0000000  0.0000000  0.0000000  0.0094019  0.0182000  0.0271387
   675.500  0.5299750  0.5004000  0.5480837  0.0000000  0.0000000  0.0000000  0.0087358  0.0125500  0.0321097
   676.000  0.5313000  0.5019818  0.5497790  0.0000000  0.0000000  0.0000000  0.0080658  0.0095000  0.0370806
   676.500  0.5302500  0.5031596  0.5515790  0.0000000  0.0000000  0.0000000  0.0077102  0.0078250  0.0442011
   677.000  0.5297000  0.5044381  0.5528908  0.0000000  0.0000000  0.0000000  0.0071168  0.0060000  0.0513217
   677.500  0.5308750  0.5053549  0.5541411  0.0000000  0.0000000  0.0000000  0.0062731  0.0047750  0.0618010
   678.000  0.5320000  0.5063389  0.5553340  0.0000000  0.0000000  0.0000000  0.0058651  0.0044000  0.0722803
   678.500  0.5318500  0.5067423  0.5560077  0.0000000  0.0000000  0.0000000  0.0053989  0.0052250  0.0875962
   679.000  0.5294000  0.5070564  0.5565005  0.0000000  0.0000000  0.0000000  0.0050994  0.0083000  0.1029121
   679.500  0.5262750  0.5066902  0.5561393  0.0000000  0.0000000  0.0000000  0.0048587  0.0138500  0.1206463
   680.000  0.5256000  0.5060448  0.5559740  0.0000000  0.0000000  0.0000000  0.0047474  0.0203000  0.1383805
