   300.747           0.000
   301.494           0.000
   302.241           0.000
   302.988           0.000
   303.735           0.000
   304.482           0.000
   305.229           0.000
   305.976           0.000
   306.723           0.000
   307.470           0.000
   308.217           0.000
   308.964           0.000
   309.711           0.000
   310.458           0.000
   311.204           0.000
   311.951           0.000
   312.698           0.000
   313.445           0.000
   314.192           0.000
   314.939           0.000
   315.686           0.000
   316.433           0.000
   317.180           0.000
   317.927           0.000
   318.674           0.000
   319.421           0.000
   320.168           0.000
   320.915           0.000
   321.662           0.000
   322.409           0.000
   323.156           0.000
   323.903           0.000
   324.650           0.000
   325.397           0.000
   326.144           0.000
   326.891           0.000
   327.638           0.000
   328.385           0.000
   329.132           0.000
   329.879           0.000
   330.626           0.000
   331.373           0.000
   332.120           0.000
   332.866           0.000
   333.613           0.000
   334.360           0.000
   335.107           0.000
   335.854           0.000
   336.601           0.000
   337.348           0.000
   338.095           0.000
   338.842           0.000
   339.589           0.000
   340.336           0.000
   341.083           0.000
   341.830           0.000
   342.577           0.000
   343.324           0.000
   344.071           0.000
   344.818           0.000
   345.565           0.000
   346.312           0.000
   347.059           0.000
   347.806           0.000
   348.553           0.000
   349.300           0.000
   350.047           0.000
   350.794           0.000
   351.541           0.000
   352.288           0.000
   353.035           0.000
   353.782           0.000
   354.529           0.000
   355.275           0.000
   356.022           0.000
   356.769           0.000
   357.516           0.000
   358.263           0.000
   359.010           0.000
   359.757           0.000
   360.504           0.000
   361.251           0.000
   361.998           0.000
   362.745           0.000
   363.492           0.000
   364.239           0.000
   364.986           0.000
   365.733           0.000
   366.480           0.000
   367.227           0.000
   367.974           0.000
   368.721           0.000
   369.468           0.000
   370.215           0.000
   370.962           0.000
   371.709           0.000
   372.456           0.000
   373.203           0.000
   373.950           0.000
   374.697           0.000
   375.444           0.000
   376.190           0.000
   376.937           0.478
   377.684           0.637
   378.431           0.796
   379.178           1.115
   379.925           1.433
   380.672           1.752
   381.419           2.548
   382.166           3.185
   382.913           3.503
   383.660           3.981
   384.407           9.554
   385.154           16.083
   385.901           28.344
   386.648           45.860
   387.395           53.185
   388.142           60.510
   388.889           60.669
   389.636           70.382
   390.383           83.280
   391.130           89.013
   391.877           92.197
   392.624           93.312
   393.371           93.153
   394.118           93.153
   394.865           93.153
   395.612           93.153
   396.359           93.153
   397.106           93.312
   397.852           93.790
   398.599           94.268
   399.346           94.904
   400.093           95.064
   400.840           95.223
   401.587           95.541
   402.334           96.019
   403.081           96.019
   403.828           96.019
   404.575           95.860
   405.322           95.701
   406.069           95.701
   406.816           95.382
   407.563           95.223
   408.310           95.382
   409.057           95.541
   409.804           95.701
   410.551           95.860
   411.298           96.019
   412.045           96.019
   412.792           96.178
   413.539           96.338
   414.286           96.815
   415.033           97.134
   415.780           97.293
   416.527           97.452
   417.274           97.452
   418.021           97.611
   418.768           97.611
   419.514           97.771
   420.261           97.771
   421.008           97.930
   421.755           97.930
   422.502           97.771
   423.249           97.611
   423.996           97.611
   424.743           97.452
   425.490           97.293
   426.237           97.293
   426.984           97.134
   427.731           97.134
   428.478           97.134
   429.225           97.134
   429.972           97.134
   430.719           97.134
   431.466           97.293
   432.213           97.452
   432.960           97.452
   433.707           97.611
   434.454           97.611
   435.201           97.611
   435.948           97.452
   436.695           97.134
   437.442           96.656
   438.189           95.860
   438.936           95.701
   439.683           95.701
   440.430           95.541
   441.176           95.541
   441.923           95.541
   442.670           95.541
   443.417           95.701
   444.164           95.860
   444.911           96.019
   445.658           96.497
   446.405           96.975
   447.152           97.134
   447.899           97.452
   448.646           97.611
   449.393           97.771
   450.140           98.089
   450.887           98.089
   451.634           98.089
   452.381           98.089
   453.128           97.930
   453.875           97.771
   454.622           97.611
   455.369           97.452
   456.116           97.293
   456.863           97.134
   457.610           96.975
   458.357           96.815
   459.104           96.656
   459.851           96.656
   460.598           96.656
   461.345           96.656
   462.092           96.656
   462.838           96.815
   463.585           96.975
   464.332           96.975
   465.079           97.134
   465.826           97.293
   466.573           97.452
   467.320           97.771
   468.067           98.248
   468.814           98.408
   469.561           98.408
   470.308           98.408
   471.055           98.248
   471.802           97.930
   472.549           97.293
   473.296           96.815
   474.043           96.497
   474.790           96.338
   475.537           96.178
   476.284           95.701
   477.031           94.904
   477.778           94.745
   478.525           94.586
   479.272           94.427
   480.019           94.427
   480.766           94.586
   481.513           94.586
   482.260           94.745
   483.007           94.904
   483.754           95.064
   484.500           95.223
   485.247           95.860
   485.994           96.338
   486.741           96.815
   487.488           97.134
   488.235           97.293
   488.982           97.611
   489.729           97.611
   490.476           97.611
   491.223           97.611
   491.970           97.452
   492.717           97.293
   493.464           97.293
   494.211           97.293
   494.958           97.293
   495.705           97.293
   496.452           97.293
   497.199           97.452
   497.946           97.611
   498.693           97.771
   499.440           97.930
   500.187           98.089
   500.934           98.089
   501.681           96.815
   502.428           95.541
   503.175           92.516
   503.922           92.197
   504.669           88.854
   505.416           87.898
   506.162           82.803
   506.909           71.497
   507.656           60.828
   508.403           49.204
   509.150           37.261
   509.897           37.102
   510.644           31.051
   511.391           28.503
   512.138           22.452
   512.885           14.650
   513.632           10.350
   514.379           7.484
   515.126           5.255
   515.873           4.936
   516.620           4.299
   517.367           3.662
   518.114           3.025
   518.861           2.070
   519.608           1.433
   520.355           1.274
   521.102           0.955
   521.849           0.796
   522.596           0.637
   523.343           0.478
   524.090           0.000
   524.837           0.000
   525.584           0.000
   526.331           0.000
   527.078           0.000
   527.824           0.000
   528.571           0.000
   529.318           0.000
   530.065           0.000
   530.812           0.000
   531.559           0.000
   532.306           0.000
   533.053           0.000
   533.800           0.000
   534.547           0.000
   535.294           0.000
   536.041           0.000
   536.788           0.000
   537.535           0.000
   538.282           0.000
   539.029           0.000
   539.776           0.000
   540.523           0.000
   541.270           0.000
   542.017           0.000
   542.764           0.000
   543.511           0.000
   544.258           0.000
   545.005           0.000
   545.752           0.000
   546.499           0.000
   547.246           0.000
   547.993           0.000
   548.740           0.000
   549.486           0.000
   550.233           0.000
   550.980           0.000
   551.727           0.000
   552.474           0.000
   553.221           0.000
   553.968           0.000
   554.715           0.000
   555.462           0.000
   556.209           0.000
   556.956           0.000
   557.703           0.000
   558.450           0.000
   559.197           0.000
   559.944           0.000
   560.691           0.000
   561.438           0.000
   562.185           0.000
   562.932           0.000
   563.679           0.000
   564.426           0.000
   565.173           0.000
   565.920           0.000
   566.667           0.000
   567.414           0.000
   568.161           0.000
   568.908           0.000
   569.655           0.000
   570.401           0.000
   571.148           0.000
   571.895           0.000
   572.642           0.000
   573.389           0.000
   574.136           0.000
   574.883           0.000
   575.630           0.000
   576.377           0.000
   577.124           0.000
   577.871           0.000
   578.618           0.000
   579.365           0.000
   580.112           0.000
   580.859           0.000
   581.606           0.000
   582.353           0.000
   583.100           0.000
   583.847           0.000
   584.594           0.000
   585.341           0.000
   586.088           0.000
   586.835           0.000
   587.582           0.000
   588.329           0.000
   589.076           0.000
   589.823           0.000
   590.570           0.000
   591.317           0.000
   592.064           0.000
   592.810           0.000
   593.557           0.000
   594.304           0.000
   595.051           0.000
   595.798           0.000
   596.545           0.000
   597.292           0.000
   598.039           0.000
   598.786           0.000
   599.533           0.000
   600.280           0.000
   601.027           0.000
   601.774           0.000
   602.521           0.000
   603.268           0.000
   604.015           0.000
   604.762           0.000
   605.509           0.000
   606.256           0.000
   607.003           0.000
   607.750           0.000
   608.497           0.000
   609.244           0.000
   609.991           0.000
   610.738           0.000
   611.485           0.000
   612.232           0.000
   612.979           0.000
   613.726           0.000
   614.472           0.000
   615.219           0.000
   615.966           0.000
   616.713           0.000
   617.460           0.000
   618.207           0.000
   618.954           0.000
   619.701           0.000
   620.448           0.000
   621.195           0.000
   621.942           0.000
   622.689           0.000
   623.436           0.000
   624.183           0.000
   624.930           0.000
   625.677           0.000
   626.424           0.000
   627.171           0.000
   627.918           0.000
   628.665           0.000
   629.412           0.000
   630.159           0.000
   630.906           0.000
   631.653           0.000
   632.400           0.000
   633.147           0.000
   633.894           0.000
   634.641           0.000
   635.388           0.000
   636.134           0.000
   636.881           0.000
   637.628           0.000
   638.375           0.000
   639.122           0.000
   639.869           0.000
   640.616           0.000
   641.363           0.000
   642.110           0.000
   642.857           0.000
   643.604           0.000
   644.351           0.000
   645.098           0.000
   645.845           0.000
   646.592           0.000
   647.339           0.000
   648.086           0.000
   648.833           0.000
   649.580           0.000
   650.327           0.000
   651.074           0.000
   651.821           0.000
   652.568           0.000
   653.315           0.000
   654.062           0.000
   654.809           0.000
   655.556           0.000
   656.303           0.000
   657.049           0.000
   657.796           0.000
   658.543           0.000
   659.290           0.000
   660.037           0.000
   660.784           0.000
   661.531           0.000
   662.278           0.000
   663.025           0.000
   663.772           0.000
   664.519           0.000
   665.266           0.000
   666.013           0.000
   666.760           0.000
   667.507           0.000
   668.254           0.000
   669.001           0.000
   669.748           0.000
   670.495           0.000
   671.242           0.000
   671.989           0.000
   672.736           0.000
   673.483           0.000
   674.230           0.000
   674.977           0.000
   675.724           0.000
   676.471           0.000
   677.218           0.000
   677.965           0.000
   678.711           0.000
   679.458           0.000
   680.205           0.000
   680.952           0.000
   681.699           0.000
   682.446           0.000
   683.193           0.000
   683.940           0.000
   684.687           0.000
   685.434           0.000
   686.181           0.000
   686.928           0.000
   687.675           0.000
   688.422           0.000
   689.169           0.000
   689.916           0.000
   690.663           0.000
   691.410           0.000
   692.157           0.000
   692.904           0.000
   693.651           0.000
   694.398           0.000
   695.145           0.000
   695.892           0.000
   696.639           0.000
   697.386           0.000
   698.133           0.000
   698.880           0.000
   699.627           0.000
   700.373           0.000
   701.120           0.000
   701.867           0.000
   702.614           0.000
   703.361           0.000
   704.108           0.000
   704.855           0.000
   705.602           0.000
   706.349           0.000
   707.096           0.000
   707.843           0.000
   708.590           0.000
   709.337           0.000
   710.084           0.000
   710.831           0.000
   711.578           0.000
   712.325           0.000
   713.072           0.000
   713.819           0.000
   714.566           0.000
   715.313           0.000
   716.060           0.000
   716.807           0.000
   717.554           0.000
   718.301           0.000
   719.048           0.000
   719.795           0.000
   720.542           0.000
   721.289           0.000
   722.036           0.000
   722.782           0.000
   723.529           0.000
   724.276           0.000
   725.023           0.000
   725.770           0.000
   726.517           0.000
   727.264           0.000
   728.011           0.000
   728.758           0.000
   729.505           0.000
   730.252           0.000
   730.999           0.000
   731.746           0.000
   732.493           0.000
   733.240           0.000
   733.987           0.000
   734.734           0.000
   735.481           0.000
   736.228           0.000
   736.975           0.000
   737.722           0.000
   738.469           0.000
   739.216           0.000
   739.963           0.000
   740.710           0.000
   741.457           0.000
   742.204           0.000
   742.951           0.000
   743.698           0.000
   744.444           0.000
   745.191           0.000
   745.938           0.000
   746.685           0.000
   747.432           0.000
   748.179           0.000
   748.926           0.000
   749.673           0.000
   750.420           0.000
   751.167           0.000
   751.914           0.000
   752.661           0.000
   753.408           0.000
   754.155           0.000
   754.902           0.000
   755.649           0.000
   756.396           0.000
   757.143           0.000
   757.890           0.000
   758.637           0.000
   759.384           0.000
   760.131           0.000
   760.878           0.000
   761.625           0.000
   762.372           0.000
   763.119           0.000
   763.866           0.000
   764.613           0.000
   765.359           0.000
   766.106           0.000
   766.853           0.000
   767.600           0.000
   768.347           0.000
   769.094           0.000
   769.841           0.000
   770.588           0.000
   771.335           0.000
   772.082           0.000
   772.829           0.000
   773.576           0.000
   774.323           0.000
   775.070           0.000
   775.817           0.000
   776.564           0.000
   777.311           0.000
   778.058           0.000
   778.805           0.000
   779.552           0.000
   780.299           0.000
   781.046           0.000
   781.793           0.000
   782.540           0.000
   783.287           0.000
   784.034           0.000
   784.781           0.000
   785.528           0.000
   786.275           0.000
   787.021           0.000
   787.768           0.000
   788.515           0.000
   789.262           0.000
   790.009           0.000
   790.756           0.000
   791.503           0.000
   792.250           0.000
   792.997           0.000
   793.744           0.000
   794.491           0.000
   795.238           0.000
   795.985           0.000
   796.732           0.000
   797.479           0.000
   798.226           0.000
   798.973           0.000
   799.720           0.000
   800.467           0.000
   801.214           0.000
   801.961           0.000
   802.708           0.000
   803.455           0.000
   804.202           0.000
   804.949           0.000
   805.696           0.000
   806.443           0.000
   807.190           0.000
   807.937           0.000
   808.683           0.000
   809.430           0.000
   810.177           0.000
   810.924           0.000
   811.671           0.000
   812.418           0.000
   813.165           0.000
   813.912           0.000
   814.659           0.000
   815.406           0.000
   816.153           0.000
   816.900           0.000
   817.647           0.000
   818.394           0.000
   819.141           0.000
   819.888           0.000
   820.635           0.000
   821.382           0.000
   822.129           0.000
   822.876           0.000
   823.623           0.000
   824.370           0.000
   825.117           0.000
   825.864           0.000
   826.611           0.000
   827.358           0.000
   828.105           0.000
   828.852           0.000
   829.599           0.000
   830.346           0.000
   831.092           0.000
   831.839           0.000
   832.586           0.000
   833.333           0.000
   834.080           0.000
   834.827           0.000
   835.574           0.000
   836.321           0.000
   837.068           0.000
   837.815           0.000
   838.562           0.000
   839.309           0.000
   840.056           0.000
   840.803           0.000
   841.550           0.000
   842.297           0.000
   843.044           0.000
   843.791           0.000
   844.538           0.000
   845.285           0.000
   846.032           0.000
   846.779           0.000
   847.526           0.000
   848.273           0.000
   849.020           0.000
   849.767           0.000
   850.514           0.000
   851.261           0.000
   852.008           0.000
   852.754           0.000
   853.501           0.000
   854.248           0.000
   854.995           0.000
   855.742           0.000
   856.489           0.000
   857.236           0.000
   857.983           0.000
   858.730           0.000
   859.477           0.000
   860.224           0.000
   860.971           0.000
   861.718           0.000
   862.465           0.000
   863.212           0.000
   863.959           0.000
   864.706           0.000
   865.453           0.000
   866.200           0.000
   866.947           0.000
   867.694           0.000
   868.441           0.000
   869.188           0.000
   869.935           0.000
   870.682           0.000
   871.429           0.000
   872.176           0.000
   872.923           0.000
   873.669           0.000
   874.416           0.000
   875.163           0.000
   875.910           0.000
   876.657           0.000
   877.404           0.000
   878.151           0.000
   878.898           0.000
   879.645           0.000
   880.392           0.000
   881.139           0.000
   881.886           0.000
   882.633           0.000
   883.380           0.000
   884.127           0.000
   884.874           0.000
   885.621           0.000
   886.368           0.000
   887.115           0.000
   887.862           0.000
   888.609           0.000
   889.356           0.000
   890.103           0.000
   890.850           0.000
   891.597           0.000
   892.344           0.000
   893.091           0.000
   893.838           0.000
   894.585           0.000
   895.331           0.000
   896.078           0.000
   896.825           0.000
   897.572           0.000
   898.319           0.000
   899.066           0.000
   899.813           0.000
   900.560           0.000
   901.307           0.000
   902.054           0.000
   902.801           0.000
   903.548           0.000
   904.295           0.000
   905.042           0.000
   905.789           0.000
   906.536           0.000
   907.283           0.000
   908.030           0.000
   908.777           0.000
   909.524           0.000
   910.271           0.000
   911.018           0.000
   911.765           0.000
   912.512           0.000
   913.259           0.000
   914.006           0.000
   914.753           0.000
   915.500           0.000
   916.247           0.000
   916.993           0.000
   917.740           0.000
   918.487           0.000
   919.234           0.000
   919.981           0.000
   920.728           0.000
   921.475           0.000
   922.222           0.000
   922.969           0.000
   923.716           0.000
   924.463           0.000
   925.210           0.000
   925.957           0.000
   926.704           0.000
   927.451           0.000
   928.198           0.000
   928.945           0.000
   929.692           0.000
   930.439           0.000
   931.186           0.000
   931.933           0.000
   932.680           0.000
   933.427           0.000
   934.174           0.000
   934.921           0.000
   935.668           0.000
   936.415           0.000
   937.162           0.000
   937.909           0.000
   938.656           0.000
   939.402           0.000
   940.149           0.000
   940.896           0.000
   941.643           0.000
   942.390           0.000
   943.137           0.000
   943.884           0.000
   944.631           0.000
   945.378           0.000
   946.125           0.000
   946.872           0.000
   947.619           0.000
   948.366           0.000
   949.113           0.000
   949.860           0.000
   950.607           0.000
   951.354           0.000
   952.101           0.000
   952.848           0.000
   953.595           0.000
   954.342           0.000
   955.089           0.000
   955.836           0.000
   956.583           0.000
   957.330           0.000
   958.077           0.000
   958.824           0.000
   959.570           0.000
   960.318           0.000
   961.064           0.000
   961.811           0.000
   962.558           0.000
   963.305           0.000
   964.052           0.000
   964.799           0.000
   965.546           0.000
   966.293           0.000
   967.040           0.000
   967.787           0.000
   968.534           0.000
   969.281           0.000
   970.028           0.000
   970.775           0.000
   971.522           0.000
   972.269           0.000
   973.016           0.000
   973.763           0.000
   974.510           0.000
   975.257           0.000
   976.004           0.000
   976.751           0.000
   977.498           0.000
   978.245           0.000
   978.992           0.000
   979.739           0.000
   980.486           0.000
   981.233           0.000
   981.979           0.000
   982.726           0.000
   983.473           0.000
   984.220           0.000
   984.967           0.000
   985.714           0.000
   986.461           0.000
   987.208           0.000
   987.955           0.000
   988.702           0.000
   989.449           0.000
   990.196           0.000
   990.943           0.000
   991.690           0.000
   992.437           0.000
   993.184           0.000
   993.931           0.000
   994.678           0.000
   995.425           0.000
   996.172           0.000
   996.919           0.000
   997.666           0.000
   998.413           0.000
   999.160           0.000
   999.907           0.000
  1000.654           0.000
  1001.401           0.000
  1002.148           0.000
  1002.895           0.000
  1003.641           0.000
  1004.388           0.000
  1005.135           0.000
  1005.882           0.000
  1006.629           0.000
  1007.376           0.000
  1008.123           0.000
  1008.870           0.000
  1009.617           0.000
  1010.364           0.000
  1011.111           0.000
  1011.858           0.000
  1012.605           0.000
  1013.352           0.000
  1014.099           0.000
  1014.846           0.000
  1015.593           0.000
  1016.340           0.000
  1017.087           0.000
  1017.834           0.000
  1018.581           0.000
  1019.328           0.000
  1020.075           0.000
  1020.822           0.000
  1021.569           0.000
  1022.316           0.000
  1023.063           0.000
  1023.810           0.000
  1024.557           0.000
  1025.303           0.000
  1026.050           0.000
  1026.797           0.000
  1027.544           0.000
  1028.291           0.000
  1029.038           0.000
  1029.785           0.000
  1030.532           0.000
  1031.279           0.000
  1032.026           0.000
  1032.773           0.000
  1033.520           0.000
  1034.267           0.000
  1035.014           0.000
  1035.761           0.000
  1036.508           0.000
  1037.255           0.000
  1038.002           0.000
  1038.749           0.000
  1039.496           0.000
  1040.243           0.000
  1040.990           0.000
  1041.737           0.000
  1042.484           0.000
  1043.231           0.000
  1043.978           0.000
  1044.725           0.000
  1045.472           0.000
  1046.219           0.000
  1046.965           0.000
  1047.712           0.000
  1048.459           0.000
  1049.206           0.000
  1049.953           0.000
  1050.700           0.000
  1051.447           0.000
  1052.194           0.000
  1052.941           0.000
  1053.688           0.000
  1054.435           0.000
  1055.182           0.000
  1055.929           0.000
  1056.676           0.000
  1057.423           0.000
  1058.170           0.000
  1058.917           0.000
  1059.664           0.000
  1060.411           0.000
  1061.158           0.000
  1061.905           0.000
  1062.652           0.000
  1063.399           0.000
  1064.146           0.000
  1064.893           0.000
  1065.640           0.000
  1066.387           0.000
  1067.134           0.000
  1067.880           0.000
  1068.627           0.000
  1069.374           0.000
  1070.121           0.000
  1070.868           0.000
  1071.615           0.000
  1072.362           0.000
  1073.109           0.000
  1073.856           0.000
  1074.603           0.000
  1075.350           0.000
  1076.097           0.000
  1076.844           0.000
  1077.591           0.000
  1078.338           0.000
  1079.085           0.000
  1079.832           0.000
  1080.579           0.000
  1081.326           0.000
  1082.073           0.000
  1082.820           0.000
  1083.567           0.000
  1084.314           0.000
  1085.061           0.000
  1085.808           0.000
  1086.555           0.000
  1087.302           0.000
  1088.049           0.000
  1088.796           0.000
  1089.542           0.000
  1090.289           0.000
  1091.036           0.000
  1091.783           0.000
  1092.530           0.000
  1093.277           0.000
  1094.024           0.000
  1094.771           0.000
  1095.518           0.000
  1096.265           0.000
  1097.012           0.000
  1097.759           0.000
  1098.506           0.000
  1099.253           0.000
  1100.000           0.000
