   301.508           0.000
   302.784           0.000
   304.060           0.000
   305.336           0.000
   306.613           0.000
   307.889           0.837
   309.165           2.167
   310.441           2.611
   311.717           3.054
   312.993           6.010
   314.269           10.739
   315.545           18.276
   316.821           31.281
   318.097           34.975
   319.374           36.601
   320.650           40.148
   321.926           44.286
   323.202           47.241
   324.478           50.640
   325.754           54.187
   327.030           55.665
   328.306           58.621
   329.582           60.542
   330.858           62.759
   332.135           64.975
   333.411           65.123
   334.687           65.862
   335.963           66.305
   337.239           67.931
   338.515           69.261
   339.791           70.739
   341.067           73.695
   342.343           75.025
   343.619           75.172
   344.896           75.468
   346.172           75.616
   347.448           75.911
   348.724           75.911
   350.000           76.059
   351.276           76.355
   352.552           76.798
   353.828           76.946
   355.104           77.094
   356.380           77.241
   357.657           77.980
   358.933           77.980
   360.209           77.980
   361.485           77.094
   362.761           76.798
   364.037           76.798
   365.313           76.798
   366.589           76.650
   367.865           75.764
   369.142           72.069
   370.418           69.852
   371.694           67.635
   372.970           66.158
   374.246           64.384
   375.522           62.611
   376.798           58.621
   378.074           45.616
   379.350           38.079
   380.626           31.281
   381.903           23.744
   383.179           21.379
   384.455           16.207
   385.731           14.433
   387.007           13.103
   388.283           11.773
   389.559           9.113
   390.835           7.488
   392.111           5.714
   393.387           3.202
   394.664           2.167
   395.940           1.429
   397.216           0.837
   398.492           0.000
   399.768           0.000
   401.044           0.000
   402.320           0.000
   403.596           0.000
   404.872           0.000
   406.148           0.000
   407.425           0.000
   408.701           0.000
   409.977           0.000
   411.253           0.000
   412.529           0.000
   413.805           0.000
   415.081           0.000
   416.357           0.000
   417.633           0.000
   418.910           0.000
   420.186           0.000
   421.462           0.000
   422.738           0.000
   424.014           0.000
   425.290           0.000
   426.566           0.000
   427.842           0.000
   429.118           0.000
   430.394           0.000
   431.671           0.000
   432.947           0.000
   434.223           0.000
   435.499           0.000
   436.775           0.000
   438.051           0.000
   439.327           0.000
   440.603           0.000
   441.879           0.000
   443.155           0.000
   444.432           0.000
   445.708           0.000
   446.984           0.000
   448.260           0.000
   449.536           0.000
   450.812           0.000
   452.088           0.000
   453.364           0.000
   454.640           0.000
   455.916           0.000
   457.193           0.000
   458.469           0.000
   459.745           0.000
   461.021           0.000
   462.297           0.000
   463.573           0.000
   464.849           0.000
   466.125           0.000
   467.401           0.000
   468.677           0.000
   469.954           0.000
   471.230           0.000
   472.506           0.000
   473.782           0.000
   475.058           0.000
   476.334           0.000
   477.610           0.000
   478.886           0.000
   480.162           0.000
   481.439           0.000
   482.715           0.000
   483.991           0.000
   485.267           0.000
   486.543           0.000
   487.819           0.000
   489.095           0.000
   490.371           0.000
   491.647           0.000
   492.923           0.000
   494.200           0.000
   495.476           0.000
   496.752           0.000
   498.028           0.000
   499.304           0.000
   500.580           0.000
   501.856           0.000
   503.132           0.000
   504.408           0.000
   505.684           0.000
   506.961           0.000
   508.237           0.000
   509.513           0.000
   510.789           0.000
   512.065           0.000
   513.341           0.000
   514.617           0.000
   515.893           0.000
   517.169           0.000
   518.445           0.000
   519.722           0.000
   520.998           0.000
   522.274           0.000
   523.550           0.000
   524.826           0.000
   526.102           0.000
   527.378           0.000
   528.654           0.000
   529.930           0.000
   531.206           0.000
   532.483           0.000
   533.759           0.000
   535.035           0.000
   536.311           0.000
   537.587           0.000
   538.863           0.000
   540.139           0.000
   541.415           0.000
   542.691           0.000
   543.968           0.000
   545.244           0.000
   546.520           0.000
   547.796           0.000
   549.072           0.000
   550.348           0.000
   551.624           0.000
   552.900           0.000
   554.176           0.000
   555.452           0.000
   556.729           0.000
   558.005           0.000
   559.281           0.000
   560.557           0.000
   561.833           0.000
   563.109           0.000
   564.385           0.000
   565.661           0.000
   566.937           0.000
   568.213           0.000
   569.490           0.000
   570.766           0.000
   572.042           0.000
   573.318           0.000
   574.594           0.000
   575.870           0.000
   577.146           0.000
   578.422           0.000
   579.698           0.000
   580.974           0.000
   582.251           0.000
   583.527           0.000
   584.803           0.000
   586.079           0.000
   587.355           0.000
   588.631           0.000
   589.907           0.000
   591.183           0.000
   592.459           0.000
   593.735           0.000
   595.012           0.000
   596.288           0.000
   597.564           0.000
   598.840           0.000
   600.116           0.000
   601.392           0.000
   602.668           0.000
   603.944           0.000
   605.220           0.000
   606.497           0.000
   607.773           0.000
   609.049           0.000
   610.325           0.000
   611.601           0.000
   612.877           0.000
   614.153           0.000
   615.429           0.000
   616.705           0.000
   617.981           0.000
   619.258           0.000
   620.534           0.000
   621.810           0.000
   623.086           0.000
   624.362           0.000
   625.638           0.000
   626.914           0.000
   628.190           0.000
   629.466           0.000
   630.742           0.000
   632.019           0.000
   633.295           0.000
   634.571           0.000
   635.847           0.000
   637.123           0.000
   638.399           0.000
   639.675           0.000
   640.951           0.000
   642.227           0.000
   643.503           0.000
   644.780           0.000
   646.056           0.000
   647.332           0.000
   648.608           0.000
   649.884           0.000
   651.160           0.000
   652.436           0.000
   653.712           0.000
   654.988           0.000
   656.264           0.000
   657.541           0.000
   658.817           0.000
   660.093           0.000
   661.369           0.000
   662.645           0.000
   663.921           0.000
   665.197           0.000
   666.473           0.000
   667.749           0.000
   669.026           0.000
   670.302           0.000
   671.578           0.000
   672.854           0.000
   674.130           0.000
   675.406           0.000
   676.682           0.000
   677.958           0.000
   679.234           0.000
   680.510           0.000
   681.787           0.000
   683.063           0.000
   684.339           0.000
   685.615           0.000
   686.891           0.000
   688.167           0.000
   689.443           0.000
   690.719           0.000
   691.995           0.000
   693.271           0.000
   694.548           0.000
   695.824           0.000
   697.100           0.000
   698.376           0.000
   699.652           0.000
   700.928           0.000
   702.204           0.000
   703.480           0.000
   704.756           0.000
   706.032           0.000
   707.309           0.000
   708.585           0.000
   709.861           0.000
   711.137           0.000
   712.413           0.000
   713.689           0.000
   714.965           0.000
   716.241           0.000
   717.517           0.000
   718.794           0.000
   720.070           0.000
   721.346           0.000
   722.622           0.000
   723.898           0.000
   725.174           0.000
   726.450           0.000
   727.726           0.000
   729.002           0.000
   730.278           0.000
   731.555           0.000
   732.831           0.000
   734.107           0.000
   735.383           0.000
   736.659           0.000
   737.935           0.000
   739.211           0.000
   740.487           0.000
   741.763           0.000
   743.039           0.000
   744.316           0.000
   745.592           0.000
   746.868           0.000
   748.144           0.000
   749.420           0.000
   750.696           0.000
   751.972           0.000
   753.248           0.000
   754.524           0.000
   755.800           0.000
   757.077           0.000
   758.353           0.000
   759.629           0.000
   760.905           0.000
   762.181           0.000
   763.457           0.000
   764.733           0.000
   766.009           0.000
   767.285           0.000
   768.561           0.000
   769.838           0.000
   771.114           0.000
   772.390           0.000
   773.666           0.000
   774.942           0.000
   776.218           0.000
   777.494           0.000
   778.770           0.000
   780.046           0.000
   781.323           0.000
   782.599           0.000
   783.875           0.000
   785.151           0.000
   786.427           0.000
   787.703           0.000
   788.979           0.000
   790.255           0.000
   791.531           0.000
   792.807           0.000
   794.083           0.000
   795.360           0.000
   796.636           0.000
   797.912           0.000
   799.188           0.000
   800.464           0.000
   801.740           0.000
   803.016           0.000
   804.292           0.000
   805.568           0.000
   806.845           0.000
   808.121           0.000
   809.397           0.000
   810.673           0.000
   811.949           0.000
   813.225           0.000
   814.501           0.000
   815.777           0.000
   817.053           0.000
   818.329           0.000
   819.606           0.000
   820.882           0.000
   822.158           0.000
   823.434           0.000
   824.710           0.000
   825.986           0.000
   827.262           0.000
   828.538           0.000
   829.814           0.000
   831.090           0.000
   832.367           0.000
   833.643           0.000
   834.919           0.000
   836.195           0.000
   837.471           0.000
   838.747           0.000
   840.023           0.000
   841.299           0.000
   842.575           0.000
   843.852           0.000
   845.128           0.000
   846.404           0.000
   847.680           0.000
   848.956           0.000
   850.232           0.000
   851.508           0.000
   852.784           0.000
   854.060           0.000
   855.336           0.000
   856.612           0.000
   857.889           0.000
   859.165           0.000
   860.441           0.000
   861.717           0.000
   862.993           0.000
   864.269           0.000
   865.545           0.000
   866.821           0.000
   868.097           0.000
   869.374           0.000
   870.650           0.000
   871.926           0.000
   873.202           0.000
   874.478           0.000
   875.754           0.000
   877.030           0.000
   878.306           0.000
   879.582           0.000
   880.858           0.000
   882.135           0.000
   883.411           0.000
   884.687           0.000
   885.963           0.000
   887.239           0.000
   888.515           0.000
   889.791           0.000
   891.067           0.000
   892.343           0.000
   893.620           0.000
   894.896           0.000
   896.172           0.000
   897.448           0.000
   898.724           0.000
   900.000           0.000
   901.276           0.000
   902.552           0.000
   903.828           0.000
   905.104           0.000
   906.380           0.000
   907.657           0.000
   908.933           0.000
   910.209           0.000
   911.485           0.000
   912.761           0.000
   914.037           0.000
   915.313           0.000
   916.589           0.000
   917.865           0.000
   919.142           0.000
   920.418           0.000
   921.694           0.000
   922.970           0.000
   924.246           0.000
   925.522           0.000
   926.798           0.000
   928.074           0.000
   929.350           0.000
   930.626           0.000
   931.903           0.000
   933.179           0.000
   934.455           0.000
   935.731           0.000
   937.007           0.000
   938.283           0.000
   939.559           0.000
   940.835           0.000
   942.111           0.000
   943.387           0.000
   944.664           0.000
   945.940           0.000
   947.216           0.000
   948.492           0.000
   949.768           0.000
   951.044           0.000
   952.320           0.000
   953.596           0.000
   954.872           0.000
   956.148           0.000
   957.425           0.000
   958.701           0.000
   959.977           0.000
   961.253           0.000
   962.529           0.000
   963.805           0.000
   965.081           0.000
   966.357           0.000
   967.633           0.000
   968.909           0.000
   970.186           0.000
   971.462           0.000
   972.738           0.000
   974.014           0.000
   975.290           0.000
   976.566           0.000
   977.842           0.000
   979.118           0.000
   980.394           0.000
   981.671           0.000
   982.947           0.000
   984.223           0.000
   985.499           0.000
   986.775           0.000
   988.051           0.000
   989.327           0.000
   990.603           0.000
   991.879           0.000
   993.155           0.000
   994.432           0.000
   995.708           0.000
   996.984           0.000
   998.260           0.000
   999.536           0.000
  1000.812           0.000
  1002.088           0.000
  1003.364           0.000
  1004.640           0.000
  1005.916           0.000
  1007.193           0.000
  1008.469           0.000
  1009.745           0.000
  1011.021           0.000
  1012.297           0.000
  1013.573           0.000
  1014.849           0.000
  1016.125           0.000
  1017.401           0.000
  1018.677           0.000
  1019.954           0.000
  1021.230           0.000
  1022.506           0.000
  1023.782           0.000
  1025.058           0.000
  1026.334           0.000
  1027.610           0.000
  1028.886           0.000
  1030.162           0.000
  1031.438           0.000
  1032.715           0.000
  1033.991           0.000
  1035.267           0.000
  1036.543           0.000
  1037.819           0.000
  1039.095           0.000
  1040.371           0.000
  1041.647           0.000
  1042.923           0.000
  1044.199           0.000
  1045.476           0.000
  1046.752           0.000
  1048.028           0.000
  1049.304           0.000
  1050.580           0.000
  1051.856           0.000
  1053.132           0.000
  1054.408           0.000
  1055.684           0.000
  1056.961           0.000
  1058.237           0.000
  1059.513           0.000
  1060.789           0.000
  1062.065           0.000
  1063.341           0.000
  1064.617           0.000
  1065.893           0.000
  1067.169           0.000
  1068.445           0.000
  1069.722           0.000
  1070.998           0.000
  1072.274           0.000
  1073.550           0.000
  1074.826           0.000
  1076.102           0.000
  1077.378           0.000
  1078.654           0.000
  1079.930           0.000
  1081.206           0.000
  1082.483           0.000
  1083.759           0.000
  1085.035           0.000
  1086.311           0.000
  1087.587           0.000
  1088.863           0.000
  1090.139           0.000
  1091.415           0.000
  1092.691           0.000
  1093.968           0.000
  1095.244           0.000
  1096.520           0.000
  1097.796           0.000
  1099.072           0.000
  1100.348           0.000

