   115.000  0.0000000
   115.500  0.0000000
   116.000  0.0000000
   116.500  0.0000000
   117.000  0.0000000
   117.500  0.0000000
   118.000  0.0000000
   118.500  0.0000000
   119.000  0.0000000
   119.500  0.0000000
   120.000  0.0000000
   120.500  0.0000000
   121.000  0.0000000
   121.500  0.0000000
   122.000  0.0000000
   122.500  0.0000000
   123.000  0.0000000
   123.500  0.0000000
   124.000  0.0000000
   124.500  0.0000000
   125.000  0.0000000
   125.500  0.0000000
   126.000  0.0000000
   126.500  0.0000000
   127.000  0.0000000
   127.500  0.0000000
   128.000  0.0000000
   128.500  0.0000000
   129.000  0.0000000
   129.500  0.0000000
   130.000  0.0000000
   130.500  0.0000000
   131.000  0.0000000
   131.500  0.0000000
   132.000  0.0000000
   132.500  0.0000000
   133.000  0.0000000
   133.500  0.0000000
   134.000  0.0000000
   134.500  0.0000000
   135.000  0.0000000
   135.500  0.0000000
   136.000  0.0000000
   136.500  0.0000000
   137.000  0.0000000
   137.500  0.0000000
   138.000  0.0000000
   138.500  0.0000000
   139.000  0.0000000
   139.500  0.0000000
   140.000  0.0000000
   140.500  0.0000000
   141.000  0.0000000
   141.500  0.0000000
   142.000  0.0000000
   142.500  0.0000000
   143.000  0.0000000
   143.500  0.0000000
   144.000  0.0000000
   144.500  0.0000000
   145.000  0.0000000
   145.500  0.0000000
   146.000  0.0000000
   146.500  0.0000000
   147.000  0.0000000
   147.500  0.0000000
   148.000  0.0000000
   148.500  0.0000000
   149.000  0.0000000
   149.500  0.0000000
   150.000  0.0000000
   150.500  0.0000000
   151.000  0.0000000
   151.500  0.0000000
   152.000  0.0000000
   152.500  0.0000000
   153.000  0.0000000
   153.500  0.0000000
   154.000  0.0000000
   154.500  0.0000000
   155.000  0.0000000
   155.500  0.0000000
   156.000  0.0000000
   156.500  0.0000000
   157.000  0.0000000
   157.500  0.0000000
   158.000  0.0000000
   158.500  0.0000000
   159.000  0.0000000
   159.500  0.0000000
   160.000  0.0000000
   160.500  0.0000000
   161.000  0.0000000
   161.500  0.0000000
   162.000  0.0000000
   162.500  0.0000000
   163.000  0.0000000
   163.500  0.0000000
   164.000  0.0000000
   164.500  0.0000000
   165.000  0.0000000
   165.500  0.0000000
   166.000  0.0000000
   166.500  0.0000000
   167.000  0.0000000
   167.500  0.0000000
   168.000  0.0000000
   168.500  0.0000000
   169.000  0.0000000
   169.500  0.0000000
   170.000  0.0000000
   170.500  0.0000000
   171.000  0.0000000
   171.500  0.0000000
   172.000  0.0000000
   172.500  0.0000000
   173.000  0.0000000
   173.500  0.0000000
   174.000  0.0000000
   174.500  0.0000000
   175.000  0.0000000
   175.500  0.0000000
   176.000  0.0000000
   176.500  0.0000000
   177.000  0.0000000
   177.500  0.0000000
   178.000  0.0000000
   178.500  0.0000000
   179.000  0.0000000
   179.500  0.0000000
   180.000  0.0000000
   180.500  0.0000000
   181.000  0.0000000
   181.500  0.0000000
   182.000  0.0000000
   182.500  0.0000000
   183.000  0.0000000
   183.500  0.0000000
   184.000  0.0000000
   184.500  0.0000000
   185.000  0.0000000
   185.500  0.0000000
   186.000  0.0000000
   186.500  0.0000000
   187.000  0.0000000
   187.500  0.0000000
   188.000  0.0000000
   188.500  0.0000000
   189.000  0.0000000
   189.500  0.0000000
   190.000  0.0000000
   190.500  0.0000000
   191.000  0.0000000
   191.500  0.0000000
   192.000  0.0000000
   192.500  0.0000000
   193.000  0.0000000
   193.500  0.0000000
   194.000  0.0000000
   194.500  0.0000000
   195.000  0.0000000
   195.500  0.0000000
   196.000  0.0000000
   196.500  0.0000000
   197.000  0.0000000
   197.500  0.0000000
   198.000  0.0000000
   198.500  0.0000000
   199.000  0.0000000
   199.500  0.0000000
   200.000  0.0000000
   200.500  0.0000000
   201.000  0.0000000
   201.500  0.0000000
   202.000  0.0000000
   202.500  0.0000000
   203.000  0.0000000
   203.500  0.0000000
   204.000  0.0000000
   204.500  0.0000000
   205.000  0.0000000
   205.500  0.0000000
   206.000  0.0000000
   206.500  0.0000000
   207.000  0.0000000
   207.500  0.0000000
   208.000  0.0000000
   208.500  0.0000000
   209.000  0.0000000
   209.500  0.0000000
   210.000  0.0000000
   210.500  0.0000000
   211.000  0.0000000
   211.500  0.0000000
   212.000  0.0000000
   212.500  0.0000000
   213.000  0.0000000
   213.500  0.0000000
   214.000  0.0000000
   214.500  0.0000000
   215.000  0.0000000
   215.500  0.0000000
   216.000  0.0000000
   216.500  0.0000000
   217.000  0.0000000
   217.500  0.0000000
   218.000  0.0000000
   218.500  0.0000000
   219.000  0.0000000
   219.500  0.0000000
   220.000  0.0000000
   220.500  0.0000000
   221.000  0.0000000
   221.500  0.0000000
   222.000  0.0000000
   222.500  0.0000000
   223.000  0.0000000
   223.500  0.0000000
   224.000  0.0000000
   224.500  0.0000000
   225.000  0.0000000
   225.500  0.0000000
   226.000  0.0000000
   226.500  0.0000000
   227.000  0.0000000
   227.500  0.0000000
   228.000  0.0000000
   228.500  0.0000000
   229.000  0.0000000
   229.500  0.0000000
   230.000  0.0000000
   230.500  0.0000000
   231.000  0.0000000
   231.500  0.0000000
   232.000  0.0000000
   232.500  0.0000000
   233.000  0.0000000
   233.500  0.0000000
   234.000  0.0000000
   234.500  0.0000000
   235.000  0.0000000
   235.500  0.0000000
   236.000  0.0000000
   236.500  0.0000000
   237.000  0.0000000
   237.500  0.0000000
   238.000  0.0000000
   238.500  0.0000000
   239.000  0.0000000
   239.500  0.0000000
   240.000  0.0000000
   240.500  0.0000000
   241.000  0.0000000
   241.500  0.0000000
   242.000  0.0000000
   242.500  0.0000000
   243.000  0.0000000
   243.500  0.0000000
   244.000  0.0000000
   244.500  0.0000000
   245.000  0.0000000
   245.500  0.0000000
   246.000  0.0000000
   246.500  0.0000000
   247.000  0.0000000
   247.500  0.0000000
   248.000  0.0000000
   248.500  0.0000000
   249.000  0.0000000
   249.500  0.0000000
   250.000  0.0000000
   250.500  0.0000000
   251.000  0.0000000
   251.500  0.0000000
   252.000  0.0000000
   252.500  0.0000000
   253.000  0.0000000
   253.500  0.0000000
   254.000  0.0000000
   254.500  0.0000000
   255.000  0.0000000
   255.500  0.0000000
   256.000  0.0000000
   256.500  0.0000000
   257.000  0.0000000
   257.500  0.0000000
   258.000  0.0000000
   258.500  0.0000000
   259.000  0.0000000
   259.500  0.0000000
   260.000  0.0000000
   260.500  0.0000000
   261.000  0.0000000
   261.500  0.0000000
   262.000  0.0000000
   262.500  0.0000000
   263.000  0.0000000
   263.500  0.0000000
   264.000  0.0000000
   264.500  0.0000000
   265.000  0.0000000
   265.500  0.0000000
   266.000  0.0000000
   266.500  0.0000000
   267.000  0.0000000
   267.500  0.0000000
   268.000  0.0000000
   268.500  0.0000000
   269.000  0.0000000
   269.500  0.0000000
   270.000  0.0000000
   270.500  0.0000000
   271.000  0.0000000
   271.500  0.0000000
   272.000  0.0000000
   272.500  0.0000000
   273.000  0.0000000
   273.500  0.0000000
   274.000  0.0000000
   274.500  0.0000000
   275.000  0.0000000
   275.500  0.0000000
   276.000  0.0000000
   276.500  0.0000000
   277.000  0.0000000
   277.500  0.0000000
   278.000  0.0000000
   278.500  0.0000000
   279.000  0.0000000
   279.500  0.0000000
   280.000  0.0000000
   280.500  0.0000000
   281.000  0.0000000
   281.500  0.0000000
   282.000  0.0000000
   282.500  0.0000000
   283.000  0.0000000
   283.500  0.0000000
   284.000  0.0000000
   284.500  0.0000000
   285.000  0.0000000
   285.500  0.0000000
   286.000  0.0000000
   286.500  0.0000000
   287.000  0.0000000
   287.500  0.0000000
   288.000  0.0000000
   288.500  0.0000000
   289.000  0.0000000
   289.500  0.0000000
   290.000  0.0000000
   290.500  0.0000000
   291.000  0.0000000
   291.500  0.0000000
   292.000  0.0000000
   292.500  0.0000000
   293.000  0.0000000
   293.500  0.0000000
   294.000  0.0000000
   294.500  0.0000000
   295.000  0.0000000
   295.500  0.0000000
   296.000  0.0000000
   296.500  0.0000000
   297.000  0.0000000
   297.500  0.0000000
   298.000  0.0000000
   298.500  0.0000000
   299.000  0.0000000
   299.500  0.0000000
   300.000  0.0000000
   300.500  0.0000000
   301.000  0.0000000
   301.500  0.0000000
   302.000  0.0000000
   302.500  0.0000000
   303.000  0.0000000
   303.500  0.0000000
   304.000  0.0000000
   304.500  0.0000000
   305.000  0.0000000
   305.500  0.0000000
   306.000  0.0000000
   306.500  0.0000000
   307.000  0.0000000
   307.500  0.0000000
   308.000  0.0000000
   308.500  0.0000000
   309.000  0.0000000
   309.500  0.0000000
   310.000  0.0000000
   310.500  0.0000000
   311.000  0.0000000
   311.500  0.0000000
   312.000  0.0000000
   312.500  0.0000000
   313.000  0.0000000
   313.500  0.0000000
   314.000  0.0000000
   314.500  0.0000000
   315.000  0.0000000
   315.500  0.0000000
   316.000  0.0000000
   316.500  0.0000000
   317.000  0.0000000
   317.500  0.0000000
   318.000  0.0000000
   318.500  0.0000000
   319.000  0.0000000
   319.500  0.0000000
   320.000  0.0000000
   320.500  0.0000000
   321.000  0.0000000
   321.500  0.0000000
   322.000  0.0000000
   322.500  0.0000000
   323.000  0.0000000
   323.500  0.0000000
   324.000  0.0000000
   324.500  0.0000000
   325.000  0.0000000
   325.500  0.0000000
   326.000  0.0000000
   326.500  0.0000000
   327.000  0.0000000
   327.500  0.0000000
   328.000  0.0000000
   328.500  0.0000000
   329.000  0.0000000
   329.500  0.0000000
   330.000  0.0000000
   330.500  0.0000000
   331.000  0.0000000
   331.500  0.0000000
   332.000  0.0000000
   332.500  0.0000000
   333.000  0.0000000
   333.500  0.0000000
   334.000  0.0000000
   334.500  0.0000000
   335.000  0.0000000
   335.500  0.0000000
   336.000  0.0000000
   336.500  0.0000000
   337.000  0.0000000
   337.500  0.0000000
   338.000  0.0000000
   338.500  0.0000000
   339.000  0.0000000
   339.500  0.0000000
   340.000  0.0000000
   340.500  0.0000000
   341.000  0.0000000
   341.500  0.0000000
   342.000  0.0000000
   342.500  0.0000000
   343.000  0.0000000
   343.500  0.0000000
   344.000  0.0000000
   344.500  0.0000000
   345.000  0.0000000
   345.500  0.0000000
   346.000  0.0000000
   346.500  0.0000000
   347.000  0.0000000
   347.500  0.0000000
   348.000  0.0000000
   348.500  0.0000000
   349.000  0.0000000
   349.500  0.0000000
   350.000  0.0000000
   350.500  0.0000000
   351.000  0.0000000
   351.500  0.0000000
   352.000  0.0000000
   352.500  0.0000000
   353.000  0.0000000
   353.500  0.0000000
   354.000  0.0000000
   354.500  0.0000000
   355.000  0.0000000
   355.500  0.0000000
   356.000  0.0000000
   356.500  0.0000000
   357.000  0.0000000
   357.500  0.0000000
   358.000  0.0000000
   358.500  0.0000000
   359.000  0.0000000
   359.500  0.0000000
   360.000  0.0000000
   360.500  0.0000000
   361.000  0.0000000
   361.500  0.0000000
   362.000  0.0000000
   362.500  0.0000000
   363.000  0.0000000
   363.500  0.0000000
   364.000  0.0000000
   364.500  0.0000000
   365.000  0.0000000
   365.500  0.0000000
   366.000  0.0000000
   366.500  0.0000000
   367.000  0.0000000
   367.500  0.0000000
   368.000  0.0000000
   368.500  0.0000000
   369.000  0.0000000
   369.500  0.0000000
   370.000  0.0000000
   370.500  0.0000000
   371.000  0.0000000
   371.500  0.0000000
   372.000  0.0000000
   372.500  0.0000000
   373.000  0.0000000
   373.500  0.0000000
   374.000  0.0000000
   374.500  0.0000000
   375.000  0.0000000
   375.500  0.0000000
   376.000  0.0000000
   376.500  0.0000000
   377.000  0.0000000
   377.500  0.0000000
   378.000  0.0000000
   378.500  0.0000000
   379.000  0.0000000
   379.500  0.0000000
   380.000  0.0000000
   380.500  0.0000000
   381.000  0.0000000
   381.500  0.0000000
   382.000  0.0000000
   382.500  0.0000000
   383.000  0.0000000
   383.500  0.0000000
   384.000  0.0000000
   384.500  0.0000000
   385.000  0.0000000
   385.500  0.0000000
   386.000  0.0000000
   386.500  0.0000000
   387.000  0.0000000
   387.500  0.0000000
   388.000  0.0000000
   388.500  0.0000000
   389.000  0.0000000
   389.500  0.0000000
   390.000  0.0000000
   390.500  0.0000000
   391.000  0.0000000
   391.500  0.0000000
   392.000  0.0000000
   392.500  0.0000000
   393.000  0.0000000
   393.500  0.0000000
   394.000  0.0000000
   394.500  0.0000000
   395.000  0.0000000
   395.500  0.0000000
   396.000  0.0000000
   396.500  0.0000000
   397.000  0.0000000
   397.500  0.0000000
   398.000  0.0000000
   398.500  0.0000000
   399.000  0.0000000
   399.500  0.0000000
   400.000  0.0000000
   400.500  0.0000000
   401.000  0.0000000
   401.500  0.0000000
   402.000  0.0000000
   402.500  0.0000000
   403.000  0.0000000
   403.500  0.0000000
   404.000  0.0000000
   404.500  0.0000000
   405.000  0.0000000
   405.500  0.0000000
   406.000  0.0000000
   406.500  0.0000000
   407.000  0.0000000
   407.500  0.0000000
   408.000  0.0000000
   408.500  0.0000000
   409.000  0.0000000
   409.500  0.0000000
   410.000  0.0000000
   410.500  0.0000000
   411.000  0.0000000
   411.500  0.0000000
   412.000  0.0000000
   412.500  0.0000000
   413.000  0.0000000
   413.500  0.0000000
   414.000  0.0000000
   414.500  0.0000000
   415.000  0.0000000
   415.500  0.0000000
   416.000  0.0000000
   416.500  0.0000000
   417.000  0.0000000
   417.500  0.0000000
   418.000  0.0000000
   418.500  0.0000000
   419.000  0.0000000
   419.500  0.0000000
   420.000  0.0000000
   420.500  0.0000000
   421.000  0.0000000
   421.500  0.0000000
   422.000  0.0000000
   422.500  0.0000000
   423.000  0.0000000
   423.500  0.0000000
   424.000  0.0000000
   424.500  0.0000000
   425.000  0.0000000
   425.500  0.0000000
   426.000  0.0000000
   426.500  0.0000000
   427.000  0.0000000
   427.500  0.0000000
   428.000  0.0000000
   428.500  0.0000000
   429.000  0.0000000
   429.500  0.0000000
   430.000  0.0000000
   430.500  0.0000000
   431.000  0.0000000
   431.500  0.0000000
   432.000  0.0000000
   432.500  0.0000000
   433.000  0.0000000
   433.500  0.0000000
   434.000  0.0000000
   434.500  0.0000000
   435.000  0.0000000
   435.500  0.0000000
   436.000  0.0000000
   436.500  0.0000000
   437.000  0.0000000
   437.500  0.0000000
   438.000  0.0000000
   438.500  0.0000000
   439.000  0.0000000
   439.500  0.0000000
   440.000  0.0000000
   440.500  0.0000000
   441.000  0.0000000
   441.500  0.0000000
   442.000  0.0000000
   442.500  0.0000000
   443.000  0.0000000
   443.500  0.0000000
   444.000  0.0000000
   444.500  0.0000000
   445.000  0.0000000
   445.500  0.0000000
   446.000  0.0000000
   446.500  0.0000000
   447.000  0.0000000
   447.500  0.0000000
   448.000  0.0000000
   448.500  0.0000000
   449.000  0.0000000
   449.500  0.0000000
   450.000  0.0000000
   450.500  0.0000000
   451.000  0.0000000
   451.500  0.0000000
   452.000  0.0000000
   452.500  0.0000000
   453.000  0.0000000
   453.500  0.0000000
   454.000  0.0000000
   454.500  0.0000000
   455.000  0.0000000
   455.500  0.0000000
   456.000  0.0000000
   456.500  0.0000000
   457.000  0.0000000
   457.500  0.0000000
   458.000  0.0000000
   458.500  0.0000000
   459.000  0.0000000
   459.500  0.0000000
   460.000  0.0000000
   460.500  0.0000000
   461.000  0.0000000
   461.500  0.0000000
   462.000  0.0000000
   462.500  0.0000000
   463.000  0.0000000
   463.500  0.0000000
   464.000  0.0000000
   464.500  0.0000000
   465.000  0.0000000
   465.500  0.0000000
   466.000  0.0000000
   466.500  0.0000000
   467.000  0.0000000
   467.500  0.0000000
   468.000  0.0000000
   468.500  0.0000000
   469.000  0.0000000
   469.500  0.0000000
   470.000  0.0000000
   470.500  0.0000000
   471.000  0.0000000
   471.500  0.0000000
   472.000  0.0000000
   472.500  0.0000000
   473.000  0.0000000
   473.500  0.0000000
   474.000  0.0000000
   474.500  0.0000000
   475.000  0.0000000
   475.500  0.0000000
   476.000  0.0000000
   476.500  0.0000000
   477.000  0.0000000
   477.500  0.0000000
   478.000  0.0000000
   478.500  0.0000000
   479.000  0.0000000
   479.500  0.0000000
   480.000  0.0000000
   480.500  0.0000000
   481.000  0.0000000
   481.500  0.0000000
   482.000  0.0000000
   482.500  0.0000000
   483.000  0.0000000
   483.500  0.0000000
   484.000  0.0000000
   484.500  0.0000000
   485.000  0.0000000
   485.500  0.0000000
   486.000  0.0000000
   486.500  0.0000000
   487.000  0.0000000
   487.500  0.0000000
   488.000  0.0000000
   488.500  0.0000000
   489.000  0.0000000
   489.500  0.0000000
   490.000  0.0000000
   490.500  0.0000000
   491.000  0.0000000
   491.500  0.0000000
   492.000  0.0000000
   492.500  0.0000000
   493.000  0.0000000
   493.500  0.0000000
   494.000  0.0000000
   494.500  0.0000000
   495.000  0.0000000
   495.500  0.0000000
   496.000  0.0000000
   496.500  0.0000000
   497.000  0.0000000
   497.500  0.0000000
   498.000  0.0000000
   498.500  0.0000000
   499.000  0.0000000
   499.500  0.0000000
   500.000  0.0000000
   500.500  0.0000000
   501.000  0.0000000
   501.500  0.0000000
   502.000  0.0000000
   502.500  0.0000000
   503.000  0.0000000
   503.500  0.0000000
   504.000  0.0000000
   504.500  0.0000000
   505.000  0.0000000
   505.500  0.0000000
   506.000  0.0000000
   506.500  0.0000000
   507.000  0.0000000
   507.500  0.0000000
   508.000  0.0000000
   508.500  0.0000000
   509.000  0.0000000
   509.500  0.0000000
   510.000  0.0000000
   510.500  0.0000000
   511.000  0.0000000
   511.500  0.0000000
   512.000  0.0000000
   512.500  0.0000000
   513.000  0.0000000
   513.500  0.0000000
   514.000  0.0000000
   514.500  0.0000000
   515.000  0.0000000
   515.500  0.0000000
   516.000  0.0000000
   516.500  0.0000000
   517.000  0.0000000
   517.500  0.0000000
   518.000  0.0000000
   518.500  0.0000000
   519.000  0.0000000
   519.500  0.0000000
   520.000  0.0000000
   520.500  0.0000000
   521.000  0.0000000
   521.500  0.0000000
   522.000  0.0000000
   522.500  0.0000000
   523.000  0.0000000
   523.500  0.0000000
   524.000  0.0000000
   524.500  0.0000000
   525.000  0.0000000
   525.500  0.0000000
   526.000  0.0000000
   526.500  0.0000000
   527.000  0.0000000
   527.500  0.0000000
   528.000  0.0000000
   528.500  0.0000000
   529.000  0.0000000
   529.500  0.0000000
   530.000  0.0000000
   530.500  0.0000000
   531.000  0.0000000
   531.500  0.0000000
   532.000  0.0000000
   532.500  0.0000000
   533.000  0.0000000
   533.500  0.0000000
   534.000  0.0000000
   534.500  0.0000000
   535.000  0.0000000
   535.500  0.0000000
   536.000  0.0000000
   536.500  0.0000000
   537.000  0.0000000
   537.500  0.0000000
   538.000  0.0000000
   538.500  0.0000000
   539.000  0.0000000
   539.500  0.0000000
   540.000  0.0000000
   540.500  0.0000000
   541.000  0.0000000
   541.500  0.0000000
   542.000  0.0000000
   542.500  0.0000000
   543.000  0.0000000
   543.500  0.0000000
   544.000  0.0000000
   544.500  0.0000000
   545.000  0.0000000
   545.500  0.0000000
   546.000  0.0000000
   546.500  0.0000000
   547.000  0.0000000
   547.500  0.0000000
   548.000  0.0000000
   548.500  0.0000000
   549.000  0.0000000
   549.500  0.0000000
   550.000  0.0000000
   550.500  0.0000000
   551.000  0.0000000
   551.500  0.0000000
   552.000  0.0000000
   552.500  0.0000000
   553.000  0.0000000
   553.500  0.0000000
   554.000  0.0000000
   554.500  0.0000000
   555.000  0.0000000
   555.500  0.0000000
   556.000  0.0000000
   556.500  0.0000000
   557.000  0.0000000
   557.500  0.0000000
   558.000  0.0000000
   558.500  0.0000000
   559.000  0.0000000
   559.500  0.0000000
   560.000  0.0000000
   560.500  0.0000000
   561.000  0.0000000
   561.500  0.0000000
   562.000  0.0000000
   562.500  0.0000000
   563.000  0.0000000
   563.500  0.0000000
   564.000  0.0000000
   564.500  0.0000000
   565.000  0.0000000
   565.500  0.0000000
   566.000  0.0000000
   566.500  0.0000000
   567.000  0.0000000
   567.500  0.0000000
   568.000  0.0000000
   568.500  0.0000000
   569.000  0.0000000
   569.500  0.0000000
   570.000  0.0000000
   570.500  0.0000000
   571.000  0.0000000
   571.500  0.0000000
   572.000  0.0000000
   572.500  0.0000000
   573.000  0.0000000
   573.500  0.0000000
   574.000  0.0000000
   574.500  0.0000000
   575.000  0.0000000
   575.500  0.0000000
   576.000  0.0000000
   576.500  0.0000000
   577.000  0.0000000
   577.500  0.0000000
   578.000  0.0000000
   578.500  0.0000000
   579.000  0.0000000
   579.500  0.0000000
   580.000  0.0000000
   580.500  0.0000000
   581.000  0.0000000
   581.500  0.0000000
   582.000  0.0000000
   582.500  0.0000000
   583.000  0.0000000
   583.500  0.0000000
   584.000  0.0000000
   584.500  0.0000000
   585.000  0.0000000
   585.500  0.0000000
   586.000  0.0000000
   586.500  0.0000000
   587.000  0.0000000
   587.500  0.0000000
   588.000  0.0000000
   588.500  0.0000000
   589.000  0.0000000
   589.500  0.0000000
   590.000  0.0000000
   590.500  0.0000000
   591.000  0.0000000
   591.500  0.0000000
   592.000  0.0000000
   592.500  0.0000000
   593.000  0.0000000
   593.500  0.0000000
   594.000  0.0000000
   594.500  0.0000000
   595.000  0.0000000
   595.500  0.0000000
   596.000  0.0000000
   596.500  0.0000000
   597.000  0.0000000
   597.500  0.0000000
   598.000  0.0000000
   598.500  0.0000000
   599.000  0.0000000
   599.500  0.0000000
   600.000  0.0000000
   600.500  0.0000000
   601.000  0.0000000
   601.500  0.0000000
   602.000  0.0000000
   602.500  0.0000000
   603.000  0.0000000
   603.500  0.0000000
   604.000  0.0000000
   604.500  0.0000000
   605.000  0.0000000
   605.500  0.0000000
   606.000  0.0000000
   606.500  0.0000000
   607.000  0.0000000
   607.500  0.0000000
   608.000  0.0000000
   608.500  0.0000000
   609.000  0.0000000
   609.500  0.0000000
   610.000  0.0000000
   610.500  0.0000000
   611.000  0.0000000
   611.500  0.0000000
   612.000  0.0000000
   612.500  0.0000000
   613.000  0.0000000
   613.500  0.0000000
   614.000  0.0000000
   614.500  0.0000000
   615.000  1.0000000
   615.500  1.0000000
   616.000  1.0000000
   616.500  1.0000000
   617.000  1.0000000
   617.500  1.0000000
   618.000  1.0000000
   618.500  1.0000000
   619.000  1.0000000
   619.500  1.0000000
   620.000  1.0000000
   620.500  1.0000000
   621.000  1.0000000
   621.500  1.0000000
   622.000  1.0000000
   622.500  1.0000000
   623.000  1.0000000
   623.500  1.0000000
   624.000  1.0000000
   624.500  1.0000000
   625.000  0.0000000
   625.500  0.0000000
   626.000  0.0000000
   626.500  0.0000000
   627.000  0.0000000
   627.500  0.0000000
   628.000  0.0000000
   628.500  0.0000000
   629.000  0.0000000
   629.500  0.0000000
   630.000  0.0000000
   630.500  0.0000000
   631.000  0.0000000
   631.500  0.0000000
   632.000  0.0000000
   632.500  0.0000000
   633.000  0.0000000
   633.500  0.0000000
   634.000  0.0000000
   634.500  0.0000000
   635.000  0.0000000
   635.500  0.0000000
   636.000  0.0000000
   636.500  0.0000000
   637.000  0.0000000
   637.500  0.0000000
   638.000  0.0000000
   638.500  0.0000000
   639.000  0.0000000
   639.500  0.0000000
   640.000  0.0000000
   640.500  0.0000000
   641.000  0.0000000
   641.500  0.0000000
   642.000  0.0000000
   642.500  0.0000000
   643.000  0.0000000
   643.500  0.0000000
   644.000  0.0000000
   644.500  0.0000000
   645.000  0.0000000
   645.500  0.0000000
   646.000  0.0000000
   646.500  0.0000000
   647.000  0.0000000
   647.500  0.0000000
   648.000  0.0000000
   648.500  0.0000000
   649.000  0.0000000
   649.500  0.0000000
   650.000  0.0000000
   650.500  0.0000000
   651.000  0.0000000
   651.500  0.0000000
   652.000  0.0000000
   652.500  0.0000000
   653.000  0.0000000
   653.500  0.0000000
   654.000  0.0000000
   654.500  0.0000000
   655.000  0.0000000
   655.500  0.0000000
   656.000  0.0000000
   656.500  0.0000000
   657.000  0.0000000
   657.500  0.0000000
   658.000  0.0000000
   658.500  0.0000000
   659.000  0.0000000
   659.500  0.0000000
   660.000  0.0000000
   660.500  0.0000000
   661.000  0.0000000
   661.500  0.0000000
   662.000  0.0000000
   662.500  0.0000000
   663.000  0.0000000
   663.500  0.0000000
   664.000  0.0000000
   664.500  0.0000000
   665.000  0.0000000
   665.500  0.0000000
   666.000  0.0000000
   666.500  0.0000000
   667.000  0.0000000
   667.500  0.0000000
   668.000  0.0000000
   668.500  0.0000000
   669.000  0.0000000
   669.500  0.0000000
   670.000  0.0000000
   670.500  0.0000000
   671.000  0.0000000
   671.500  0.0000000
   672.000  0.0000000
   672.500  0.0000000
   673.000  0.0000000
   673.500  0.0000000
   674.000  0.0000000
   674.500  0.0000000
   675.000  0.0000000
   675.500  0.0000000
   676.000  0.0000000
   676.500  0.0000000
   677.000  0.0000000
   677.500  0.0000000
   678.000  0.0000000
   678.500  0.0000000
   679.000  0.0000000
   679.500  0.0000000
   680.000  0.0000000
   680.500  0.0000000
   681.000  0.0000000
   681.500  0.0000000
   682.000  0.0000000
   682.500  0.0000000
   683.000  0.0000000
   683.500  0.0000000
   684.000  0.0000000
   684.500  0.0000000
   685.000  0.0000000
   685.500  0.0000000
   686.000  0.0000000
   686.500  0.0000000
   687.000  0.0000000
   687.500  0.0000000
   688.000  0.0000000
   688.500  0.0000000
   689.000  0.0000000
   689.500  0.0000000
   690.000  0.0000000
   690.500  0.0000000
   691.000  0.0000000
   691.500  0.0000000
   692.000  0.0000000
   692.500  0.0000000
   693.000  0.0000000
   693.500  0.0000000
   694.000  0.0000000
   694.500  0.0000000
   695.000  0.0000000
   695.500  0.0000000
   696.000  0.0000000
   696.500  0.0000000
   697.000  0.0000000
   697.500  0.0000000
   698.000  0.0000000
   698.500  0.0000000
   699.000  0.0000000
   699.500  0.0000000
   700.000  0.0000000
   700.500  0.0000000
   701.000  0.0000000
   701.500  0.0000000
   702.000  0.0000000
   702.500  0.0000000
   703.000  0.0000000
   703.500  0.0000000
   704.000  0.0000000
   704.500  0.0000000
   705.000  0.0000000
   705.500  0.0000000
   706.000  0.0000000
   706.500  0.0000000
   707.000  0.0000000
   707.500  0.0000000
   708.000  0.0000000
   708.500  0.0000000
   709.000  0.0000000
   709.500  0.0000000
   710.000  0.0000000
   710.500  0.0000000
   711.000  0.0000000
   711.500  0.0000000
   712.000  0.0000000
   712.500  0.0000000
   713.000  0.0000000
   713.500  0.0000000
   714.000  0.0000000
   714.500  0.0000000
   715.000  0.0000000
   715.500  0.0000000
   716.000  0.0000000
   716.500  0.0000000
   717.000  0.0000000
   717.500  0.0000000
   718.000  0.0000000
   718.500  0.0000000
   719.000  0.0000000
   719.500  0.0000000
   720.000  0.0000000
   720.500  0.0000000
   721.000  0.0000000
   721.500  0.0000000
   722.000  0.0000000
   722.500  0.0000000
   723.000  0.0000000
   723.500  0.0000000
   724.000  0.0000000
   724.500  0.0000000
   725.000  0.0000000
   725.500  0.0000000
   726.000  0.0000000
   726.500  0.0000000
   727.000  0.0000000
   727.500  0.0000000
   728.000  0.0000000
   728.500  0.0000000
   729.000  0.0000000
   729.500  0.0000000
   730.000  0.0000000
   730.500  0.0000000
   731.000  0.0000000
   731.500  0.0000000
   732.000  0.0000000
   732.500  0.0000000
   733.000  0.0000000
   733.500  0.0000000
   734.000  0.0000000
   734.500  0.0000000
   735.000  0.0000000
   735.500  0.0000000
   736.000  0.0000000
   736.500  0.0000000
   737.000  0.0000000
   737.500  0.0000000
   738.000  0.0000000
   738.500  0.0000000
   739.000  0.0000000
   739.500  0.0000000
   740.000  0.0000000
   740.500  0.0000000
   741.000  0.0000000
   741.500  0.0000000
   742.000  0.0000000
   742.500  0.0000000
   743.000  0.0000000
   743.500  0.0000000
   744.000  0.0000000
   744.500  0.0000000
   745.000  0.0000000
   745.500  0.0000000
   746.000  0.0000000
   746.500  0.0000000
   747.000  0.0000000
   747.500  0.0000000
   748.000  0.0000000
   748.500  0.0000000
   749.000  0.0000000
   749.500  0.0000000
   750.000  0.0000000
   750.500  0.0000000
   751.000  0.0000000
   751.500  0.0000000
   752.000  0.0000000
   752.500  0.0000000
   753.000  0.0000000
   753.500  0.0000000
   754.000  0.0000000
   754.500  0.0000000
   755.000  0.0000000
   755.500  0.0000000
   756.000  0.0000000
   756.500  0.0000000
   757.000  0.0000000
   757.500  0.0000000
   758.000  0.0000000
   758.500  0.0000000
   759.000  0.0000000
   759.500  0.0000000
   760.000  0.0000000
   760.500  0.0000000
   761.000  0.0000000
   761.500  0.0000000
   762.000  0.0000000
   762.500  0.0000000
   763.000  0.0000000
   763.500  0.0000000
   764.000  0.0000000
   764.500  0.0000000
   765.000  0.0000000
   765.500  0.0000000
   766.000  0.0000000
   766.500  0.0000000
   767.000  0.0000000
   767.500  0.0000000
   768.000  0.0000000
   768.500  0.0000000
   769.000  0.0000000
   769.500  0.0000000
   770.000  0.0000000
   770.500  0.0000000
   771.000  0.0000000
   771.500  0.0000000
   772.000  0.0000000
   772.500  0.0000000
   773.000  0.0000000
   773.500  0.0000000
   774.000  0.0000000
   774.500  0.0000000
   775.000  0.0000000
   775.500  0.0000000
   776.000  0.0000000
   776.500  0.0000000
   777.000  0.0000000
   777.500  0.0000000
   778.000  0.0000000
   778.500  0.0000000
   779.000  0.0000000
   779.500  0.0000000
   780.000  0.0000000
   780.500  0.0000000
   781.000  0.0000000
   781.500  0.0000000
   782.000  0.0000000
   782.500  0.0000000
   783.000  0.0000000
   783.500  0.0000000
   784.000  0.0000000
   784.500  0.0000000
   785.000  0.0000000
   785.500  0.0000000
   786.000  0.0000000
   786.500  0.0000000
   787.000  0.0000000
   787.500  0.0000000
   788.000  0.0000000
   788.500  0.0000000
   789.000  0.0000000
   789.500  0.0000000
   790.000  0.0000000
   790.500  0.0000000
   791.000  0.0000000
   791.500  0.0000000
   792.000  0.0000000
   792.500  0.0000000
   793.000  0.0000000
   793.500  0.0000000
   794.000  0.0000000
   794.500  0.0000000
   795.000  0.0000000
   795.500  0.0000000
   796.000  0.0000000
   796.500  0.0000000
   797.000  0.0000000
   797.500  0.0000000
   798.000  0.0000000
   798.500  0.0000000
   799.000  0.0000000
   799.500  0.0000000
   800.000  0.0000000
   800.500  0.0000000
   801.000  0.0000000
   801.500  0.0000000
   802.000  0.0000000
   802.500  0.0000000
   803.000  0.0000000
   803.500  0.0000000
   804.000  0.0000000
   804.500  0.0000000
   805.000  0.0000000
   805.500  0.0000000
   806.000  0.0000000
   806.500  0.0000000
   807.000  0.0000000
   807.500  0.0000000
   808.000  0.0000000
   808.500  0.0000000
   809.000  0.0000000
   809.500  0.0000000
   810.000  0.0000000
   810.500  0.0000000
   811.000  0.0000000
   811.500  0.0000000
   812.000  0.0000000
   812.500  0.0000000
   813.000  0.0000000
   813.500  0.0000000
   814.000  0.0000000
   814.500  0.0000000
   815.000  0.0000000
   815.500  0.0000000
   816.000  0.0000000
   816.500  0.0000000
   817.000  0.0000000
   817.500  0.0000000
   818.000  0.0000000
   818.500  0.0000000
   819.000  0.0000000
   819.500  0.0000000
   820.000  0.0000000
   820.500  0.0000000
   821.000  0.0000000
   821.500  0.0000000
   822.000  0.0000000
   822.500  0.0000000
   823.000  0.0000000
   823.500  0.0000000
   824.000  0.0000000
   824.500  0.0000000
   825.000  0.0000000
   825.500  0.0000000
   826.000  0.0000000
   826.500  0.0000000
   827.000  0.0000000
   827.500  0.0000000
   828.000  0.0000000
   828.500  0.0000000
   829.000  0.0000000
   829.500  0.0000000
   830.000  0.0000000
   830.500  0.0000000
   831.000  0.0000000
   831.500  0.0000000
   832.000  0.0000000
   832.500  0.0000000
   833.000  0.0000000
   833.500  0.0000000
   834.000  0.0000000
   834.500  0.0000000
   835.000  0.0000000
   835.500  0.0000000
   836.000  0.0000000
   836.500  0.0000000
   837.000  0.0000000
   837.500  0.0000000
   838.000  0.0000000
   838.500  0.0000000
   839.000  0.0000000
   839.500  0.0000000
   840.000  0.0000000
   840.500  0.0000000
   841.000  0.0000000
   841.500  0.0000000
   842.000  0.0000000
   842.500  0.0000000
   843.000  0.0000000
   843.500  0.0000000
   844.000  0.0000000
   844.500  0.0000000
   845.000  0.0000000
   845.500  0.0000000
   846.000  0.0000000
   846.500  0.0000000
   847.000  0.0000000
   847.500  0.0000000
   848.000  0.0000000
   848.500  0.0000000
   849.000  0.0000000
   849.500  0.0000000
   850.000  0.0000000
   850.500  0.0000000
   851.000  0.0000000
   851.500  0.0000000
   852.000  0.0000000
   852.500  0.0000000
   853.000  0.0000000
   853.500  0.0000000
   854.000  0.0000000
   854.500  0.0000000
   855.000  0.0000000
   855.500  0.0000000
   856.000  0.0000000
   856.500  0.0000000
   857.000  0.0000000
   857.500  0.0000000
   858.000  0.0000000
   858.500  0.0000000
   859.000  0.0000000
   859.500  0.0000000
   860.000  0.0000000
   860.500  0.0000000
   861.000  0.0000000
   861.500  0.0000000
   862.000  0.0000000
   862.500  0.0000000
   863.000  0.0000000
   863.500  0.0000000
   864.000  0.0000000
   864.500  0.0000000
   865.000  0.0000000
   865.500  0.0000000
   866.000  0.0000000
   866.500  0.0000000
   867.000  0.0000000
   867.500  0.0000000
   868.000  0.0000000
   868.500  0.0000000
   869.000  0.0000000
   869.500  0.0000000
   870.000  0.0000000
   870.500  0.0000000
   871.000  0.0000000
   871.500  0.0000000
   872.000  0.0000000
   872.500  0.0000000
   873.000  0.0000000
   873.500  0.0000000
   874.000  0.0000000
   874.500  0.0000000
   875.000  0.0000000
   875.500  0.0000000
   876.000  0.0000000
   876.500  0.0000000
   877.000  0.0000000
   877.500  0.0000000
   878.000  0.0000000
   878.500  0.0000000
   879.000  0.0000000
   879.500  0.0000000
   880.000  0.0000000
   880.500  0.0000000
   881.000  0.0000000
   881.500  0.0000000
   882.000  0.0000000
   882.500  0.0000000
   883.000  0.0000000
   883.500  0.0000000
   884.000  0.0000000
   884.500  0.0000000
   885.000  0.0000000
   885.500  0.0000000
   886.000  0.0000000
   886.500  0.0000000
   887.000  0.0000000
   887.500  0.0000000
   888.000  0.0000000
   888.500  0.0000000
   889.000  0.0000000
   889.500  0.0000000
   890.000  0.0000000
   890.500  0.0000000
   891.000  0.0000000
   891.500  0.0000000
   892.000  0.0000000
   892.500  0.0000000
   893.000  0.0000000
   893.500  0.0000000
   894.000  0.0000000
   894.500  0.0000000
   895.000  0.0000000
   895.500  0.0000000
   896.000  0.0000000
   896.500  0.0000000
   897.000  0.0000000
   897.500  0.0000000
   898.000  0.0000000
   898.500  0.0000000
   899.000  0.0000000
   899.500  0.0000000
   900.000  0.0000000
   900.500  0.0000000
   901.000  0.0000000
   901.500  0.0000000
   902.000  0.0000000
   902.500  0.0000000
   903.000  0.0000000
   903.500  0.0000000
   904.000  0.0000000
   904.500  0.0000000
   905.000  0.0000000
   905.500  0.0000000
   906.000  0.0000000
   906.500  0.0000000
   907.000  0.0000000
   907.500  0.0000000
   908.000  0.0000000
   908.500  0.0000000
   909.000  0.0000000
   909.500  0.0000000
   910.000  0.0000000
   910.500  0.0000000
   911.000  0.0000000
   911.500  0.0000000
   912.000  0.0000000
   912.500  0.0000000
   913.000  0.0000000
   913.500  0.0000000
   914.000  0.0000000
   914.500  0.0000000
   915.000  0.0000000
   915.500  0.0000000
   916.000  0.0000000
   916.500  0.0000000
   917.000  0.0000000
   917.500  0.0000000
   918.000  0.0000000
   918.500  0.0000000
   919.000  0.0000000
   919.500  0.0000000
   920.000  0.0000000
   920.500  0.0000000
   921.000  0.0000000
   921.500  0.0000000
   922.000  0.0000000
   922.500  0.0000000
   923.000  0.0000000
   923.500  0.0000000
   924.000  0.0000000
   924.500  0.0000000
   925.000  0.0000000
   925.500  0.0000000
   926.000  0.0000000
   926.500  0.0000000
   927.000  0.0000000
   927.500  0.0000000
   928.000  0.0000000
   928.500  0.0000000
   929.000  0.0000000
   929.500  0.0000000
   930.000  0.0000000
   930.500  0.0000000
   931.000  0.0000000
   931.500  0.0000000
   932.000  0.0000000
   932.500  0.0000000
   933.000  0.0000000
   933.500  0.0000000
   934.000  0.0000000
   934.500  0.0000000
   935.000  0.0000000
   935.500  0.0000000
   936.000  0.0000000
   936.500  0.0000000
   937.000  0.0000000
   937.500  0.0000000
   938.000  0.0000000
   938.500  0.0000000
   939.000  0.0000000
   939.500  0.0000000
   940.000  0.0000000
   940.500  0.0000000
   941.000  0.0000000
   941.500  0.0000000
   942.000  0.0000000
   942.500  0.0000000
   943.000  0.0000000
   943.500  0.0000000
   944.000  0.0000000
   944.500  0.0000000
   945.000  0.0000000
   945.500  0.0000000
   946.000  0.0000000
   946.500  0.0000000
   947.000  0.0000000
   947.500  0.0000000
   948.000  0.0000000
   948.500  0.0000000
   949.000  0.0000000
   949.500  0.0000000
   950.000  0.0000000
   950.500  0.0000000
   951.000  0.0000000
   951.500  0.0000000
   952.000  0.0000000
   952.500  0.0000000
   953.000  0.0000000
   953.500  0.0000000
   954.000  0.0000000
   954.500  0.0000000
   955.000  0.0000000
   955.500  0.0000000
   956.000  0.0000000
   956.500  0.0000000
   957.000  0.0000000
   957.500  0.0000000
   958.000  0.0000000
   958.500  0.0000000
   959.000  0.0000000
   959.500  0.0000000
   960.000  0.0000000
   960.500  0.0000000
   961.000  0.0000000
   961.500  0.0000000
   962.000  0.0000000
   962.500  0.0000000
   963.000  0.0000000
   963.500  0.0000000
   964.000  0.0000000
   964.500  0.0000000
   965.000  0.0000000
   965.500  0.0000000
   966.000  0.0000000
   966.500  0.0000000
   967.000  0.0000000
   967.500  0.0000000
   968.000  0.0000000
   968.500  0.0000000
   969.000  0.0000000
   969.500  0.0000000
   970.000  0.0000000
   970.500  0.0000000
   971.000  0.0000000
   971.500  0.0000000
   972.000  0.0000000
   972.500  0.0000000
   973.000  0.0000000
   973.500  0.0000000
   974.000  0.0000000
   974.500  0.0000000
   975.000  0.0000000
   975.500  0.0000000
   976.000  0.0000000
   976.500  0.0000000
   977.000  0.0000000
   977.500  0.0000000
   978.000  0.0000000
   978.500  0.0000000
   979.000  0.0000000
   979.500  0.0000000
   980.000  0.0000000
   980.500  0.0000000
   981.000  0.0000000
   981.500  0.0000000
   982.000  0.0000000
   982.500  0.0000000
   983.000  0.0000000
   983.500  0.0000000
   984.000  0.0000000
   984.500  0.0000000
   985.000  0.0000000
   985.500  0.0000000
   986.000  0.0000000
   986.500  0.0000000
   987.000  0.0000000
   987.500  0.0000000
   988.000  0.0000000
   988.500  0.0000000
   989.000  0.0000000
   989.500  0.0000000
   990.000  0.0000000
   990.500  0.0000000
   991.000  0.0000000
   991.500  0.0000000
   992.000  0.0000000
   992.500  0.0000000
   993.000  0.0000000
   993.500  0.0000000
   994.000  0.0000000
   994.500  0.0000000
   995.000  0.0000000
   995.500  0.0000000
   996.000  0.0000000
   996.500  0.0000000
   997.000  0.0000000
   997.500  0.0000000
   998.000  0.0000000
   998.500  0.0000000
   999.000  0.0000000
   999.500  0.0000000
  1000.000  0.0000000
  1000.500  0.0000000
  1001.000  0.0000000
  1001.500  0.0000000
  1002.000  0.0000000
  1002.500  0.0000000
  1003.000  0.0000000
  1003.500  0.0000000
  1004.000  0.0000000
  1004.500  0.0000000
  1005.000  0.0000000
  1005.500  0.0000000
  1006.000  0.0000000
  1006.500  0.0000000
  1007.000  0.0000000
  1007.500  0.0000000
  1008.000  0.0000000
  1008.500  0.0000000
  1009.000  0.0000000
  1009.500  0.0000000
  1010.000  0.0000000
  1010.500  0.0000000
  1011.000  0.0000000
  1011.500  0.0000000
  1012.000  0.0000000
  1012.500  0.0000000
  1013.000  0.0000000
  1013.500  0.0000000
  1014.000  0.0000000
  1014.500  0.0000000
  1015.000  0.0000000
  1015.500  0.0000000
  1016.000  0.0000000
  1016.500  0.0000000
  1017.000  0.0000000
  1017.500  0.0000000
  1018.000  0.0000000
  1018.500  0.0000000
  1019.000  0.0000000
  1019.500  0.0000000
  1020.000  0.0000000
  1020.500  0.0000000
  1021.000  0.0000000
  1021.500  0.0000000
  1022.000  0.0000000
  1022.500  0.0000000
  1023.000  0.0000000
  1023.500  0.0000000
  1024.000  0.0000000
  1024.500  0.0000000
  1025.000  0.0000000
  1025.500  0.0000000
  1026.000  0.0000000
  1026.500  0.0000000
  1027.000  0.0000000
  1027.500  0.0000000
  1028.000  0.0000000
  1028.500  0.0000000
  1029.000  0.0000000
  1029.500  0.0000000
  1030.000  0.0000000
  1030.500  0.0000000
  1031.000  0.0000000
  1031.500  0.0000000
  1032.000  0.0000000
  1032.500  0.0000000
  1033.000  0.0000000
  1033.500  0.0000000
  1034.000  0.0000000
  1034.500  0.0000000
  1035.000  0.0000000
  1035.500  0.0000000
  1036.000  0.0000000
  1036.500  0.0000000
  1037.000  0.0000000
  1037.500  0.0000000
  1038.000  0.0000000
  1038.500  0.0000000
  1039.000  0.0000000
  1039.500  0.0000000
  1040.000  0.0000000
  1040.500  0.0000000
  1041.000  0.0000000
  1041.500  0.0000000
  1042.000  0.0000000
  1042.500  0.0000000
  1043.000  0.0000000
  1043.500  0.0000000
  1044.000  0.0000000
  1044.500  0.0000000
  1045.000  0.0000000
  1045.500  0.0000000
  1046.000  0.0000000
  1046.500  0.0000000
  1047.000  0.0000000
  1047.500  0.0000000
  1048.000  0.0000000
  1048.500  0.0000000
  1049.000  0.0000000
  1049.500  0.0000000
  1050.000  0.0000000
  1050.500  0.0000000
  1051.000  0.0000000
  1051.500  0.0000000
  1052.000  0.0000000
  1052.500  0.0000000
  1053.000  0.0000000
  1053.500  0.0000000
  1054.000  0.0000000
  1054.500  0.0000000
  1055.000  0.0000000
  1055.500  0.0000000
  1056.000  0.0000000
  1056.500  0.0000000
  1057.000  0.0000000
  1057.500  0.0000000
  1058.000  0.0000000
  1058.500  0.0000000
  1059.000  0.0000000
  1059.500  0.0000000
  1060.000  0.0000000
  1060.500  0.0000000
  1061.000  0.0000000
  1061.500  0.0000000
  1062.000  0.0000000
